Number file:
Created by:		chris
Created on:		09/18/2021T14:31:1631989880Z
Number of trends:	20
Country:		united_states
Zulu,#0,#1,#2,#3,#4,#5,#6,#7,#8,#9,#10,#11,#12,#13,#14,#15,#16,#17,#18,#19,

09/18/2021T14:31:1631989881Z,1,2,3,4,5,6,7,8,9,10,11,12,13,14,15,16,17,18,19,20,
09/18/2021T15:00:1631991606Z,1,2,3,4,21,5,6,7,8,9,10,11,12,13,22,14,16,15,18,19,
09/18/2021T16:00:1631995206Z,1,2,3,4,5,7,8,10,9,11,12,13,16,14,15,17,18,19,20,23,
09/18/2021T17:00:1631998806Z,1,2,3,4,21,5,24,7,8,10,9,11,12,16,14,15,17,18,19,20,
09/18/2021T18:00:1632002411Z,1,25,2,3,4,5,21,10,24,6,7,8,11,9,12,13,16,14,15,17,
09/18/2021T19:00:1632006006Z,1,25,2,3,4,5,21,10,24,6,7,8,11,9,12,13,16,14,15,17,
09/18/2021T20:00:1632009607Z,26,1,25,27,2,3,4,21,5,10,24,7,28,8,11,12,29,13,16,14,
09/18/2021T22:00:1632016807Z,26,1,25,27,2,3,4,21,5,10,24,7,28,8,11,12,29,13,16,14,
09/18/2021T23:00:1632020407Z,26,30,31,27,1,32,33,25,34,35,36,37,38,39,2,3,4,6,5,10,
09/19/2021T00:00:1632024006Z,26,27,30,40,31,41,1,32,33,25,34,35,38,2,3,4,21,5,6,10,
09/19/2021T01:00:1632027605Z,27,26,41,31,40,33,42,1,43,44,25,45,34,46,38,2,4,47,48,10,
09/19/2021T02:00:1632031206Z,27,26,41,31,40,33,42,1,43,44,25,45,34,46,38,2,4,47,48,10,
09/19/2021T03:00:1632034806Z,27,26,41,31,40,33,42,1,43,44,25,45,34,46,38,2,4,47,48,10,
09/19/2021T04:00:1632038406Z,27,26,41,31,40,33,42,1,43,44,25,45,34,46,38,2,4,47,48,10,
09/19/2021T05:00:1632042006Z,27,26,49,41,33,40,37,43,1,44,50,45,25,34,51,52,53,54,55,38,
09/19/2021T06:00:1632045605Z,27,26,49,41,33,40,37,43,1,44,50,45,25,34,51,52,53,54,55,38,
09/19/2021T07:00:1632049206Z,27,26,49,41,33,40,37,43,1,44,50,45,25,34,51,52,53,54,55,38,
09/19/2021T08:00:1632052805Z,27,26,49,41,33,40,37,43,1,44,50,45,25,34,51,52,53,54,55,38,
09/19/2021T09:00:1632056405Z,27,26,49,56,41,33,40,57,58,31,59,50,43,1,60,45,25,34,61,62,
09/19/2021T10:00:1632060006Z,27,26,49,56,41,33,40,57,58,31,59,50,43,1,51,60,45,25,34,61,
09/19/2021T11:00:1632063606Z,27,26,49,56,33,57,58,31,59,50,43,1,51,60,63,45,25,34,61,62,
09/19/2021T12:00:1632067206Z,27,26,49,56,33,40,57,58,31,59,50,43,1,60,45,25,34,61,62,55,
09/19/2021T13:00:1632070806Z,27,26,49,56,33,40,57,58,31,59,50,43,51,1,60,45,25,64,34,61,
09/19/2021T14:00:1632074406Z,65,27,26,56,33,40,57,58,31,59,50,43,60,1,45,25,34,55,66,67,
09/19/2021T15:00:1632078006Z,65,27,26,56,41,31,33,40,57,58,59,50,51,43,60,1,25,34,62,55,
09/19/2021T16:00:1632081606Z,68,65,27,26,56,31,33,40,57,58,59,51,50,60,43,1,45,64,25,34,
09/19/2021T17:00:1632085206Z,69,70,68,71,65,27,26,56,41,31,40,57,58,51,59,33,50,60,43,1,
09/19/2021T18:00:1632088805Z,72,73,70,68,71,65,27,26,56,31,33,40,57,58,51,59,50,60,43,1,
09/19/2021T19:00:1632092405Z,72,73,71,70,68,74,75,76,77,65,27,26,56,33,40,57,58,51,59,31,
09/19/2021T20:00:1632096006Z,72,73,78,79,74,71,76,70,68,80,81,82,77,83,84,65,27,26,56,33,
09/19/2021T21:00:1632099606Z,72,85,73,86,78,87,88,89,90,71,91,92,75,68,70,84,81,82,83,93,
09/19/2021T22:00:1632103206Z,72,85,73,86,87,94,78,89,90,88,95,75,71,96,97,98,99,92,68,82,
09/19/2021T23:00:1632106806Z,72,85,73,87,86,100,94,78,89,90,88,75,71,96,97,68,98,99,92,84,
09/20/2021T00:00:1632110406Z,72,85,73,87,86,94,78,100,89,90,88,75,92,97,96,68,71,99,82,81,
09/20/2021T01:00:1632114006Z,72,85,87,73,86,68,89,94,78,100,88,75,97,92,96,101,71,102,84,103,
09/20/2021T02:00:1632117606Z,72,104,85,87,73,86,105,94,78,100,89,90,88,75,97,92,96,101,71,102,
09/20/2021T03:00:1632121206Z,106,72,68,85,87,73,105,86,107,94,78,100,89,90,88,75,108,97,92,96,
09/20/2021T04:00:1632124806Z,106,72,68,73,85,87,105,86,109,94,78,89,100,108,90,88,110,102,75,97,
09/20/2021T05:00:1632128405Z,106,68,72,105,87,85,73,86,109,111,78,94,112,89,100,90,102,88,75,97,
09/20/2021T06:00:1632132006Z,106,68,72,105,87,85,73,86,111,110,78,94,112,89,100,102,107,88,75,113,
09/20/2021T07:00:1632135606Z,106,68,72,105,87,85,73,86,111,112,78,94,89,100,90,109,102,88,114,97,
09/20/2021T08:00:1632139205Z,115,106,68,72,87,105,85,73,86,109,111,78,94,112,89,100,110,90,102,88,
09/20/2021T09:00:1632142805Z,115,106,68,72,105,87,85,73,86,109,116,78,94,112,89,100,102,117,88,97,
09/20/2021T10:00:1632146405Z,115,106,68,72,105,87,85,73,86,108,78,94,112,89,100,90,102,107,88,97,
09/20/2021T11:00:1632150006Z,115,118,106,68,72,105,87,85,73,86,109,108,78,94,112,89,100,102,90,88,
09/20/2021T12:00:1632153606Z,115,118,106,68,72,105,87,73,85,86,109,78,112,94,89,102,119,100,108,90,
09/20/2021T13:00:1632157206Z,115,118,120,121,122,68,72,105,87,85,73,86,109,111,112,78,94,102,89,100,
09/20/2021T14:00:1632160806Z,123,115,120,68,72,105,87,85,73,86,111,109,78,112,102,89,94,90,100,88,
09/20/2021T15:00:1632164406Z,123,124,115,120,121,68,72,105,87,73,85,86,111,112,78,94,109,89,90,100,
09/20/2021T16:00:1632168006Z,125,123,115,120,126,121,68,72,105,87,85,73,86,111,112,102,78,94,89,90,
09/20/2021T17:00:1632171606Z,125,123,115,120,127,68,72,105,87,73,85,86,111,102,78,112,94,89,107,90,
09/20/2021T18:00:1632175206Z,125,123,115,128,120,129,121,130,68,72,105,87,73,85,86,111,112,131,102,78,
09/20/2021T19:00:1632178806Z,125,123,115,129,130,128,132,120,121,127,133,68,72,105,87,85,73,111,86,131,
09/20/2021T20:00:1632182406Z,125,118,115,129,130,128,134,132,120,135,121,136,68,72,105,87,85,73,111,86,
09/20/2021T21:00:1632186006Z,137,118,129,115,130,138,134,128,120,132,135,121,139,106,104,72,105,87,140,73,
09/20/2021T22:00:1632189606Z,125,118,120,130,138,115,128,135,121,141,139,133,142,143,106,104,72,87,144,140,
09/20/2021T23:00:1632193206Z,125,118,130,138,120,115,128,132,135,121,127,145,141,139,142,133,143,106,104,72,
09/21/2021T00:00:1632196807Z,125,118,130,138,129,120,115,128,146,132,147,135,121,142,141,139,148,133,149,150,
09/21/2021T01:00:1632200406Z,125,118,130,138,129,120,115,128,146,132,147,135,121,142,141,139,148,133,149,150,
09/21/2021T02:00:1632204006Z,125,151,152,153,138,123,129,154,130,115,146,155,120,121,128,142,135,156,157,141,
09/21/2021T03:00:1632207606Z,125,158,118,153,152,129,138,154,130,120,159,156,115,155,146,157,121,128,142,135,
09/21/2021T04:00:1632211206Z,158,125,118,152,153,129,138,130,154,156,160,120,161,155,115,121,162,157,142,128,
09/21/2021T05:00:1632214806Z,158,125,118,152,153,129,138,130,154,156,160,120,161,155,115,121,162,157,142,128,
09/21/2021T06:00:1632218406Z,158,124,140,163,118,152,156,129,138,154,160,130,155,164,120,146,165,157,115,162,
09/21/2021T07:00:1632222006Z,124,140,153,118,152,156,129,138,154,160,121,130,155,146,165,157,115,162,142,166,
09/21/2021T08:00:1632225606Z,124,140,163,118,152,156,129,138,130,154,155,120,121,146,165,115,162,167,142,128,
09/21/2021T09:00:1632229206Z,158,124,140,118,163,152,165,156,129,138,154,130,155,159,120,121,146,157,115,162,
09/21/2021T10:00:1632232806Z,124,140,153,118,152,165,129,138,130,154,168,155,134,159,120,121,146,157,115,162,
09/21/2021T11:00:1632236406Z,125,140,163,152,156,129,123,130,154,160,169,155,134,138,121,157,146,165,115,162,
09/21/2021T12:00:1632240006Z,170,171,140,163,118,152,129,130,154,160,168,169,155,138,157,121,165,162,142,120,
09/21/2021T13:00:1632243606Z,170,172,124,140,153,118,152,129,154,160,168,121,169,159,155,130,138,157,165,115,
09/23/2021T17:01:1632430919Z,173,174,175,176,177,178,179,180,181,182,183,184,88,185,186,187,188,189,190,191,
09/23/2021T18:00:1632434406Z,173,192,175,176,178,177,193,180,181,183,182,184,88,185,186,187,188,190,189,194,
09/23/2021T19:00:1632438006Z,173,192,175,176,177,178,193,180,183,184,88,185,181,186,190,187,188,189,191,194,
09/23/2021T20:00:1632441607Z,173,192,175,176,177,178,193,180,183,184,88,190,185,181,186,187,188,189,191,194,
09/23/2021T21:00:1632445237Z,173,192,175,176,195,177,178,193,180,183,184,88,190,185,181,186,187,188,189,191,
09/23/2021T22:00:1632448807Z,173,192,196,197,175,176,195,198,177,193,180,178,183,181,190,184,88,185,186,187,
09/23/2021T23:00:1632452408Z,173,199,192,138,196,88,175,200,195,201,177,178,193,180,183,190,181,184,185,186,
09/24/2021T00:00:1632456007Z,173,199,192,138,196,88,202,200,175,195,203,204,205,176,206,201,207,177,178,193,
09/24/2021T01:00:1632459606Z,199,173,138,196,192,208,88,205,200,203,175,195,204,176,206,209,207,201,210,190,
09/24/2021T02:00:1632463205Z,199,173,211,212,192,213,138,214,215,208,205,88,216,203,200,175,204,195,217,209,
09/24/2021T03:00:1632466806Z,218,173,214,211,138,208,213,212,192,215,205,219,88,203,200,217,175,204,195,209,
09/24/2021T04:00:1632470406Z,218,173,214,211,208,213,212,192,215,138,205,219,203,88,200,216,217,202,204,175,
09/24/2021T05:00:1632474006Z,218,173,214,211,212,213,192,215,138,205,200,219,203,88,217,220,221,204,206,195,
09/24/2021T06:00:1632477606Z,218,173,214,211,212,213,192,205,220,200,138,219,203,88,217,221,204,2,206,195,
09/24/2021T07:00:1632481206Z,218,173,214,212,211,213,192,138,205,219,203,88,217,200,221,222,209,204,2,206,
09/24/2021T08:00:1632484806Z,218,173,214,211,212,213,192,138,205,200,219,203,88,217,221,220,223,2,204,206,
09/24/2021T09:00:1632488406Z,218,173,214,212,224,213,192,138,205,203,88,217,221,200,220,209,2,223,204,206,
09/24/2021T10:00:1632492006Z,218,173,214,212,224,213,192,138,205,203,217,88,221,200,209,2,204,206,225,195,
09/24/2021T11:00:1632495606Z,218,173,214,212,213,211,192,138,205,225,203,217,88,221,200,209,2,204,206,195,
09/24/2021T12:00:1632499206Z,218,173,214,226,212,213,192,205,138,225,203,227,221,88,200,220,209,2,206,204,
09/24/2021T13:00:1632502807Z,218,173,214,226,212,213,228,192,205,223,138,225,203,221,227,88,200,209,220,2,
09/24/2021T14:00:1632506408Z,218,173,229,214,226,212,213,205,192,230,138,203,221,227,88,200,209,220,222,2,
09/24/2021T15:00:1632510006Z,231,218,229,173,214,226,213,212,205,192,230,138,203,221,217,209,200,222,232,2,
09/24/2021T16:00:1632513606Z,233,231,218,229,234,173,214,226,213,212,205,215,192,230,138,203,221,209,227,200,
09/24/2021T17:00:1632517206Z,233,235,231,236,218,229,234,173,214,226,213,212,205,215,192,138,230,203,221,209,
09/24/2021T18:00:1632520806Z,228,237,233,235,231,162,236,238,218,229,173,214,239,240,213,212,205,215,192,138,
09/24/2021T19:00:1632524406Z,228,237,241,242,233,243,235,231,236,238,244,245,218,234,229,173,214,226,213,212,
09/24/2021T20:00:1632528006Z,229,246,242,237,233,243,235,231,247,236,238,244,248,245,218,234,228,173,226,214,
09/24/2021T21:00:1632531606Z,246,242,237,233,243,235,247,231,249,250,251,236,252,238,244,245,218,229,234,173,
09/24/2021T22:00:1632535206Z,246,228,242,237,233,243,248,235,251,247,231,249,253,236,238,244,245,252,218,229,
09/24/2021T23:00:1632538806Z,246,242,254,237,243,248,235,255,251,247,256,231,253,236,238,245,244,252,257,218,
09/25/2021T00:00:1632542406Z,246,242,237,233,243,248,235,258,259,251,256,247,260,231,245,236,253,238,257,244,
09/25/2021T01:00:1632546006Z,242,246,237,259,261,233,243,248,235,247,256,251,258,260,231,257,245,262,236,238,
09/25/2021T02:00:1632549605Z,242,246,259,261,237,243,233,248,235,247,256,251,258,260,263,262,231,245,236,238,
09/25/2021T03:00:1632553206Z,242,259,246,237,243,233,248,235,247,256,251,258,260,257,262,264,231,245,236,265,
09/25/2021T04:00:1632556806Z,242,259,246,261,237,243,248,233,235,247,256,257,251,260,264,262,265,231,236,245,
09/25/2021T05:00:1632560406Z,259,242,246,243,261,237,248,235,233,256,247,257,266,251,260,264,262,265,250,95,
09/25/2021T06:00:1632564006Z,259,242,267,246,243,261,237,248,233,256,247,257,266,251,260,264,262,265,250,268,
09/25/2021T07:00:1632567605Z,267,259,242,246,243,261,237,248,235,233,256,247,257,251,260,264,262,265,268,250,
09/25/2021T08:00:1632571207Z,259,242,246,261,248,237,235,233,256,247,257,266,251,269,260,95,262,265,268,250,
09/25/2021T09:00:1632574805Z,267,259,242,246,243,261,248,237,235,233,256,247,257,266,251,260,95,262,265,268,
09/25/2021T10:00:1632578406Z,267,259,242,246,243,261,248,237,235,233,256,247,257,266,251,260,95,262,265,268,
09/25/2021T11:00:1632582006Z,267,259,242,246,243,261,248,237,235,233,256,247,266,257,251,262,260,95,63,265,
09/25/2021T12:00:1632585606Z,267,259,242,270,243,261,248,237,235,233,256,247,266,257,251,262,260,265,268,250,
09/25/2021T13:00:1632589207Z,267,259,242,246,243,261,248,235,237,233,256,266,247,251,257,262,260,63,265,268,
09/25/2021T14:00:1632592806Z,267,259,242,246,243,261,248,235,237,233,256,266,247,251,257,262,260,63,265,268,
09/25/2021T15:00:1632596406Z,271,272,267,259,242,270,243,261,248,235,237,233,256,266,251,257,262,260,258,63,
09/25/2021T16:00:1632600006Z,94,271,267,259,242,270,243,248,261,235,237,233,256,266,251,257,262,260,63,247,
09/25/2021T17:00:1632603606Z,94,271,273,274,267,259,242,246,243,248,261,235,237,233,256,251,262,257,95,260,
09/25/2021T18:00:1632607205Z,94,273,271,274,275,267,259,242,246,243,248,235,237,233,256,266,251,262,257,260,
09/25/2021T19:00:1632610805Z,94,273,88,276,274,275,277,278,267,259,242,246,243,248,261,235,237,233,256,251,
09/25/2021T20:00:1632614406Z,94,279,271,276,274,277,275,278,280,267,259,242,246,243,248,235,237,233,256,266,
09/25/2021T21:00:1632618005Z,281,94,276,271,277,282,274,275,283,280,278,267,259,242,270,243,248,235,237,256,
09/25/2021T23:00:1632625206Z,281,94,284,285,271,277,283,286,274,287,275,288,50,278,289,267,259,242,270,248,
09/26/2021T00:00:1632628805Z,281,284,94,283,290,285,271,277,288,282,274,275,291,292,293,289,294,278,295,267,
09/26/2021T01:00:1632632406Z,281,284,283,290,285,94,296,271,277,297,288,286,274,275,298,50,299,294,289,278,
09/26/2021T02:00:1632636005Z,281,284,283,290,285,94,296,271,288,277,297,286,298,274,50,275,299,294,295,300,
09/26/2021T03:00:1632639606Z,284,281,283,290,285,94,296,288,271,297,277,298,286,274,50,299,301,275,294,295,
09/26/2021T04:00:1632643206Z,284,281,290,283,285,94,296,288,271,302,297,303,298,277,301,286,274,304,50,299,
09/26/2021T05:00:1632646805Z,305,284,281,283,302,285,94,288,271,306,277,303,297,298,293,286,274,307,50,299,
09/26/2021T06:00:1632650406Z,305,281,284,283,302,285,94,288,296,306,271,308,303,277,297,298,307,286,274,309,
09/26/2021T07:00:1632654006Z,305,281,284,283,302,310,285,288,94,296,271,297,274,298,277,286,303,309,299,294,
09/26/2021T08:00:1632657606Z,305,281,284,283,302,310,285,288,94,271,311,277,297,274,298,293,286,294,299,275,
09/26/2021T09:00:1632661206Z,305,281,284,283,302,310,285,288,94,296,306,271,311,297,274,298,307,277,286,294,
09/26/2021T10:00:1632664805Z,305,281,283,284,312,285,288,94,306,271,310,313,277,297,274,298,307,293,311,286,
09/26/2021T11:00:1632668406Z,305,281,284,283,310,285,288,94,271,313,311,306,297,274,298,293,277,286,294,299,
09/26/2021T12:00:1632672006Z,305,281,284,283,310,288,285,94,306,271,311,313,274,297,298,307,293,277,286,309,
09/26/2021T13:00:1632675606Z,305,281,283,284,312,288,285,94,296,271,311,313,310,306,274,297,298,277,286,309,
09/26/2021T14:00:1632679206Z,305,281,284,283,288,285,94,296,311,271,313,310,306,274,277,297,298,282,309,294,
09/26/2021T15:00:1632682806Z,101,305,314,284,283,302,288,285,94,296,306,315,271,274,277,297,298,282,294,304,
09/26/2021T16:00:1632686406Z,101,305,314,284,283,288,285,94,296,315,313,274,271,310,277,297,307,316,286,294,
09/26/2021T17:00:1632690006Z,101,317,318,319,305,314,284,283,288,285,94,296,315,274,313,271,277,297,316,320,
09/26/2021T18:00:1632693605Z,101,321,319,317,322,323,324,305,314,284,283,285,94,296,274,313,271,277,297,311,
09/26/2021T19:00:1632697206Z,325,101,321,319,322,317,138,326,327,328,329,330,323,324,331,305,314,284,283,288,
09/26/2021T20:00:1632700806Z,332,325,105,138,333,101,321,330,326,327,317,329,6,334,335,323,331,324,336,141,
09/26/2021T21:00:1632704406Z,332,105,337,325,333,138,101,330,321,326,338,31,323,317,324,339,335,6,331,336,
09/26/2021T22:00:1632708006Z,332,105,337,325,330,333,101,138,321,326,327,329,323,317,31,324,340,341,335,342,
09/26/2021T23:00:1632711606Z,332,105,325,337,330,333,101,321,338,138,326,327,317,31,324,341,318,339,335,340,
09/27/2021T00:00:1632715206Z,332,105,325,337,330,342,101,333,321,343,338,341,138,326,327,323,317,324,31,344,
09/27/2021T01:00:1632718805Z,332,105,325,342,337,330,101,333,341,321,343,338,138,326,327,345,317,323,346,347,
09/27/2021T02:00:1632722405Z,332,105,342,325,337,330,101,333,341,41,138,321,338,343,326,327,348,349,347,31,
09/27/2021T03:00:1632726006Z,332,105,342,325,337,350,330,101,333,341,321,138,338,343,326,348,317,327,323,335,
09/27/2021T04:00:1632729607Z,332,105,158,342,325,337,330,333,138,341,351,321,338,348,343,326,317,327,352,353,
09/27/2021T05:00:1632733206Z,158,332,105,325,337,342,330,101,333,138,341,351,348,321,338,352,343,317,326,327,
09/27/2021T06:00:1632736806Z,158,332,105,342,337,330,101,333,354,341,138,352,348,321,329,355,343,317,326,356,
09/27/2021T07:00:1632740406Z,158,332,105,342,325,337,330,101,333,341,138,352,348,338,321,355,317,326,356,343,
09/27/2021T08:00:1632744006Z,357,158,332,105,342,325,337,330,101,333,341,352,348,355,329,321,343,317,326,356,
09/27/2021T09:00:1632747606Z,357,158,332,105,342,325,337,330,101,333,341,138,352,356,348,329,321,355,343,317,
09/27/2021T10:00:1632751206Z,357,158,332,105,342,325,337,330,101,333,341,138,352,348,355,329,321,343,317,326,
09/27/2021T11:00:1632754805Z,357,158,332,105,342,325,337,330,101,333,341,355,348,352,329,321,343,319,317,326,
09/27/2021T12:00:1632758406Z,357,158,332,105,342,325,337,330,101,333,341,355,358,138,348,352,329,321,343,317,
09/27/2021T13:00:1632762006Z,357,359,360,158,332,105,342,337,330,325,101,333,341,355,138,348,352,329,321,343,
09/27/2021T14:00:1632765606Z,357,359,361,158,332,105,342,325,337,330,101,333,341,138,348,356,355,352,329,321,
09/27/2021T15:00:1632769206Z,357,359,361,158,332,105,342,325,337,330,101,333,341,138,348,356,355,352,329,321,
09/27/2021T16:00:1632772806Z,357,359,360,362,158,332,105,342,337,330,325,101,333,352,355,341,358,348,329,138,
09/27/2021T17:00:1632776406Z,357,359,362,363,361,158,332,364,342,337,330,325,101,333,341,348,329,352,355,321,
09/27/2021T18:00:1632780007Z,357,359,362,363,365,253,158,332,364,342,330,337,325,101,333,352,355,341,329,348,
09/27/2021T19:00:1632783606Z,357,359,366,367,362,368,369,253,365,363,370,158,364,371,342,337,330,325,101,352,
09/27/2021T20:00:1632787206Z,357,359,366,367,362,368,369,253,365,363,370,158,364,371,342,337,330,325,101,352,
09/27/2021T21:00:1632790806Z,357,372,373,359,374,360,366,362,370,368,375,253,376,365,361,158,332,364,90,337,
09/27/2021T22:00:1632794406Z,357,372,373,369,359,374,362,370,368,253,376,365,363,361,377,158,332,364,90,73,
09/27/2021T23:00:1632798006Z,357,372,373,369,359,253,366,378,370,362,379,368,376,380,365,361,158,332,364,90,
09/28/2021T00:00:1632801606Z,357,372,373,359,369,253,370,366,378,362,379,368,376,381,365,382,158,332,364,90,
09/28/2021T01:00:1632805206Z,357,372,373,359,369,370,378,362,366,368,376,253,381,383,365,361,384,158,332,364,
09/28/2021T02:00:1632808805Z,357,372,373,251,359,379,370,378,362,366,368,376,253,380,383,365,384,385,361,386,
09/28/2021T03:00:1632812405Z,357,372,373,359,370,253,387,378,375,362,368,376,380,388,383,389,365,385,384,386,
09/28/2021T04:00:1632816006Z,357,372,373,359,370,387,378,362,368,376,380,253,390,388,383,385,384,389,386,365,
09/28/2021T05:00:1632819605Z,357,372,373,359,370,387,378,362,368,376,380,253,390,388,383,385,384,389,386,365,
09/28/2021T06:00:1632823206Z,357,372,373,359,370,378,362,368,366,376,380,253,390,388,383,385,386,384,391,389,
09/28/2021T07:00:1632826806Z,357,372,373,251,370,359,379,378,375,362,368,376,380,253,390,388,385,383,386,384,
09/28/2021T08:00:1632830406Z,357,372,373,251,359,379,378,375,368,362,376,380,253,390,388,385,383,386,384,391,
09/28/2021T09:00:1632834006Z,357,372,373,251,370,359,379,378,375,368,362,376,380,253,390,388,385,383,386,384,
09/28/2021T10:00:1632837606Z,357,372,373,251,370,359,379,378,368,362,376,380,253,390,388,385,383,386,384,392,
09/28/2021T11:00:1632841206Z,393,357,372,373,251,370,359,379,378,368,362,376,380,253,390,388,385,383,386,392,
09/28/2021T12:00:1632844806Z,393,357,373,251,359,378,375,368,362,379,376,380,253,390,388,385,383,392,386,384,
09/28/2021T13:00:1632848406Z,393,394,357,373,370,359,253,378,375,368,395,362,379,376,380,390,388,385,392,383,
09/28/2021T14:00:1632852006Z,393,394,357,373,370,359,253,378,375,368,395,362,379,376,380,390,388,385,392,383,
09/28/2021T15:00:1632855606Z,393,394,357,373,359,368,378,395,396,362,380,253,392,385,388,383,386,384,391,397,
09/28/2021T16:00:1632859206Z,393,398,394,399,357,373,251,370,253,359,368,379,378,362,380,392,385,388,383,386,
09/28/2021T17:00:1632862807Z,393,398,394,399,400,401,402,403,357,373,251,370,368,359,379,378,395,362,380,253,
09/28/2021T18:00:1632866406Z,393,398,394,399,400,403,404,402,357,373,251,370,368,359,378,362,253,379,380,376,
09/28/2021T19:00:1632870006Z,393,398,394,399,405,400,403,406,404,402,357,373,251,370,368,359,378,395,253,362,
09/28/2021T20:00:1632873606Z,393,406,398,405,399,394,400,403,404,402,357,373,251,370,368,253,359,378,362,379,
09/28/2021T21:00:1632877206Z,393,406,405,297,398,399,394,407,400,403,408,409,402,357,373,410,251,368,359,378,
09/28/2021T22:00:1632880805Z,393,297,405,398,399,394,407,400,403,411,408,409,412,413,402,357,373,251,368,378,
09/28/2021T23:00:1632884406Z,393,297,405,398,399,394,407,400,403,408,413,412,409,402,357,373,251,368,370,359,
09/29/2021T00:00:1632888007Z,393,406,297,414,399,398,394,407,415,400,403,408,413,409,416,417,402,357,373,251,
09/29/2021T01:00:1632891606Z,393,406,297,400,399,398,414,407,394,415,418,403,408,417,409,416,402,357,373,251,
09/29/2021T02:00:1632895206Z,393,406,297,399,398,407,414,415,394,419,400,403,408,417,409,416,420,2,421,402,
09/29/2021T03:00:1632898807Z,393,406,297,422,399,407,398,415,419,394,400,403,408,417,420,413,409,416,423,421,
09/29/2021T04:00:1632902406Z,393,406,297,422,399,415,407,398,414,419,424,394,408,403,400,417,420,413,409,416,
09/29/2021T05:00:1632906006Z,393,406,297,422,399,415,425,407,419,398,414,394,408,403,400,420,417,413,409,416,
09/29/2021T06:00:1632909606Z,406,393,297,422,399,405,415,425,407,419,398,414,408,394,420,403,400,417,413,409,
09/29/2021T07:00:1632913206Z,393,406,297,422,425,399,407,419,415,398,414,421,408,394,403,417,400,248,413,416,
09/29/2021T08:00:1632916807Z,426,393,406,297,422,425,399,407,419,415,398,414,421,408,394,403,417,400,248,416,
09/29/2021T09:00:1632920406Z,426,393,406,411,415,425,399,407,419,398,414,408,394,417,403,400,248,413,416,427,
09/29/2021T10:00:1632924007Z,426,393,406,297,422,417,399,425,407,419,415,398,421,414,408,394,248,400,413,416,
09/29/2021T11:00:1632927608Z,426,393,406,297,422,417,425,399,407,415,419,398,421,408,414,394,420,403,248,400,
09/29/2021T12:00:1632931206Z,426,393,406,297,422,417,425,399,407,419,408,398,421,414,394,403,248,400,427,413,
09/29/2021T14:00:1632938406Z,426,428,393,406,297,422,425,407,399,419,427,411,408,421,398,414,394,248,403,400,
09/29/2021T15:00:1632942006Z,426,428,429,430,431,393,406,297,427,422,417,399,425,418,407,400,415,408,421,398,
09/29/2021T16:00:1632945606Z,429,426,428,430,432,431,393,406,297,427,422,425,399,418,407,411,415,408,421,398,
09/29/2021T17:00:1632949206Z,432,429,428,426,430,431,433,393,406,427,297,405,422,399,418,425,415,407,408,421,
09/29/2021T18:00:1632952806Z,429,426,428,430,431,433,393,427,405,89,297,422,419,399,425,415,407,408,434,421,
09/29/2021T19:00:1632956406Z,366,435,429,426,430,428,431,433,393,297,89,405,399,422,419,425,407,415,408,434,
09/29/2021T20:00:1632960007Z,366,432,429,426,430,428,431,433,393,427,89,297,399,422,417,425,419,405,415,407,
09/29/2021T21:00:1632963607Z,436,366,432,138,429,426,437,430,428,431,433,393,427,89,297,422,417,425,399,419,
09/29/2021T22:00:1632967206Z,436,438,366,138,429,439,426,437,430,428,431,433,393,427,89,297,399,422,425,417,
09/29/2021T23:00:1632970806Z,436,138,366,438,429,439,437,426,430,440,428,441,431,433,442,393,427,297,89,399,
09/30/2021T20:00:1633046431Z,288,207,443,444,445,446,447,448,449,450,451,436,438,452,453,454,138,259,440,435,
09/30/2021T21:00:1633050005Z,288,207,443,444,446,445,449,448,455,450,451,436,438,453,454,138,259,440,435,456,
09/30/2021T22:00:1633053605Z,288,457,207,443,444,446,445,449,458,448,450,451,436,438,366,453,454,138,259,440,
09/30/2021T23:00:1633057206Z,288,459,457,460,207,443,446,449,458,448,450,461,451,436,438,366,453,454,138,259,
10/01/2021T00:00:1633060806Z,288,459,457,460,207,443,446,449,458,450,447,448,461,462,463,464,451,436,366,438,
10/01/2021T01:00:1633064406Z,465,288,457,460,207,443,446,463,458,449,450,448,462,461,466,464,467,250,468,451,
10/01/2021T02:00:1633068006Z,465,457,460,469,207,443,446,458,449,450,448,462,461,250,467,466,464,468,470,451,
10/01/2021T03:00:1633071605Z,457,465,469,460,207,443,446,458,449,450,448,462,250,461,467,466,470,468,464,451,
10/01/2021T04:00:1633075205Z,457,465,469,460,207,443,446,458,449,450,448,462,467,461,466,468,464,33,471,451,
10/01/2021T05:00:1633078805Z,457,465,469,460,207,443,446,458,449,450,250,448,467,462,33,461,466,468,464,471,
10/01/2021T06:00:1633082405Z,457,465,469,460,443,207,472,446,458,449,450,250,467,448,462,33,466,461,468,464,
10/01/2021T07:00:1633086006Z,457,465,469,460,472,443,207,446,458,450,449,250,467,462,33,448,466,461,468,464,
10/01/2021T08:00:1633089606Z,457,465,469,460,472,443,207,446,458,450,449,250,473,467,33,462,448,466,461,468,
10/01/2021T09:00:1633093206Z,457,465,469,460,472,443,207,446,458,450,449,250,473,467,33,462,448,466,468,461,
10/01/2021T10:00:1633096806Z,457,465,469,460,472,443,207,446,458,450,449,473,467,33,462,466,468,461,464,470,
10/01/2021T11:00:1633100406Z,474,475,457,465,469,472,460,443,207,446,458,450,449,250,33,467,476,462,448,466,
10/01/2021T12:00:1633104006Z,475,474,457,465,469,472,460,443,207,446,458,450,449,250,33,462,476,448,466,468,
10/01/2021T13:00:1633107606Z,474,457,465,472,469,460,477,207,446,458,450,449,33,250,462,476,448,466,468,461,
10/01/2021T14:00:1633111206Z,478,474,479,457,465,472,480,460,477,207,446,458,450,449,33,462,476,467,448,466,
10/01/2021T15:00:1633114806Z,481,482,474,479,457,472,465,483,460,477,207,33,446,458,450,449,466,250,462,467,
10/01/2021T16:00:1633118406Z,481,482,479,484,474,457,472,465,483,460,477,207,33,446,458,466,449,450,462,467,
10/01/2021T17:00:1633122006Z,481,482,479,484,474,457,472,465,483,460,477,207,33,446,466,458,450,449,462,467,
10/01/2021T18:00:1633125606Z,481,485,479,474,486,457,472,465,480,460,443,207,33,466,446,458,450,449,462,467,
10/01/2021T19:00:1633129206Z,481,482,485,487,479,474,486,488,489,490,457,472,465,480,460,443,207,33,466,446,
10/01/2021T20:00:1633132806Z,481,482,485,487,479,484,486,474,488,489,490,472,457,465,480,460,443,207,33,466,
10/01/2021T21:00:1633136405Z,481,482,485,487,479,486,474,488,491,489,492,490,493,494,495,472,457,465,480,460,
10/01/2021T22:00:1633140005Z,481,482,485,487,479,486,488,474,489,492,490,495,494,472,457,465,483,460,496,466,
10/01/2021T23:00:1633143605Z,497,481,482,485,487,479,486,488,489,474,498,490,493,495,494,499,472,457,465,480,
10/02/2021T00:00:1633147206Z,497,481,482,485,487,479,486,488,474,490,493,495,494,499,500,501,502,472,457,465,
10/02/2021T01:00:1633150806Z,497,481,482,485,488,487,486,479,474,493,490,495,6,494,499,500,501,503,472,457,
10/02/2021T02:00:1633154405Z,497,481,482,485,488,475,487,486,479,6,474,493,495,490,494,504,499,505,503,501,
10/02/2021T03:00:1633158006Z,497,481,482,489,506,488,475,486,487,479,507,474,493,505,495,490,504,494,499,503,
10/02/2021T04:00:1633161606Z,481,497,482,506,488,6,475,486,487,479,505,507,493,474,495,490,504,499,494,503,
10/02/2021T05:00:1633165205Z,481,497,482,489,485,488,475,486,505,487,479,507,493,495,474,504,490,498,499,494,
10/02/2021T06:00:1633168806Z,481,497,482,488,485,6,508,509,486,487,479,507,493,495,504,474,490,492,499,494,
10/02/2021T07:00:1633172405Z,481,482,488,485,508,505,486,487,479,507,493,495,504,474,490,492,510,499,494,503,
10/02/2021T08:00:1633176005Z,481,497,482,488,489,511,508,505,486,487,479,507,493,495,504,474,490,492,499,494,
10/02/2021T09:00:1633179606Z,481,497,482,488,489,511,508,475,512,486,487,479,507,495,493,504,474,490,492,499,
10/02/2021T10:00:1633183206Z,481,497,482,488,489,511,508,505,475,486,512,487,479,507,495,493,504,474,490,492,
10/02/2021T11:00:1633186806Z,481,497,482,488,485,508,505,475,486,487,479,507,495,493,504,474,490,510,499,494,
10/02/2021T12:00:1633190406Z,481,497,482,488,6,511,508,505,475,486,487,479,507,495,493,504,474,490,499,494,
10/02/2021T13:00:1633194006Z,481,497,482,488,506,508,6,509,513,475,486,487,479,507,495,493,504,474,490,499,
10/02/2021T14:00:1633197606Z,481,497,482,489,488,485,508,509,513,475,486,487,479,507,495,493,504,499,474,494,
10/02/2021T15:00:1633201206Z,514,515,481,497,482,488,489,511,508,509,475,512,486,487,479,507,495,499,493,504,
10/02/2021T16:00:1633204806Z,514,515,481,497,482,488,489,485,508,509,475,486,487,479,507,499,495,493,504,474,
10/02/2021T17:00:1633208405Z,514,515,516,481,497,489,482,488,485,508,509,475,512,486,487,479,499,507,495,493,
10/02/2021T18:00:1633212005Z,284,514,515,516,91,517,481,497,489,482,488,518,508,505,512,475,486,487,499,479,
10/02/2021T19:00:1633215607Z,284,514,515,516,517,91,519,481,497,489,482,488,485,508,505,475,486,499,487,479,
10/02/2021T20:00:1633219206Z,284,514,516,517,515,321,91,519,481,497,489,482,488,485,508,505,475,486,499,487,
10/02/2021T21:00:1633222806Z,284,385,514,138,516,517,515,321,520,519,91,521,43,481,497,489,482,488,506,508,
10/02/2021T22:00:1633226406Z,284,516,138,385,522,514,517,515,321,437,43,520,523,524,519,91,525,481,497,489,
10/02/2021T23:00:1633230006Z,284,516,385,138,43,514,526,517,515,321,524,520,437,141,523,519,91,525,57,481,
10/03/2021T00:00:1633233606Z,284,516,138,43,385,526,514,517,515,524,321,520,437,141,523,519,91,57,525,481,
10/03/2021T01:00:1633237207Z,284,526,516,138,43,385,522,515,514,517,524,321,437,57,519,523,527,91,525,481,
10/03/2021T02:00:1633240807Z,284,526,516,138,43,385,522,514,517,515,524,321,520,57,527,437,519,523,91,525,
10/03/2021T03:00:1633244406Z,284,526,138,528,385,43,515,522,514,517,524,527,57,321,520,437,519,523,529,91,
10/03/2021T04:00:1633248006Z,526,284,516,138,385,43,515,522,530,514,517,524,527,57,321,520,437,529,519,523,
10/03/2021T05:00:1633251606Z,526,284,516,531,385,43,138,530,515,532,514,517,524,527,57,321,529,437,141,519,
10/03/2021T06:00:1633255206Z,526,284,516,531,385,43,532,530,138,529,514,517,515,524,527,57,321,520,437,533,
10/03/2021T07:00:1633258806Z,534,526,284,516,385,43,532,530,138,522,529,514,517,524,515,527,57,321,520,437,
10/03/2021T08:00:1633262406Z,535,534,526,284,516,385,536,532,530,138,515,522,529,514,517,524,527,57,321,520,
10/03/2021T09:00:1633266006Z,535,534,526,284,516,385,532,43,530,138,515,522,514,517,524,527,57,321,520,437,
10/03/2021T10:00:1633269606Z,535,534,526,284,516,385,532,43,530,138,515,529,514,517,524,527,57,522,321,520,
10/03/2021T11:00:1633273206Z,535,534,526,284,516,385,532,43,530,138,515,529,514,517,524,57,522,321,520,533,
10/03/2021T12:00:1633276807Z,535,534,526,284,516,385,532,43,530,138,515,529,514,517,524,527,57,520,321,533,
10/03/2021T13:00:1633280406Z,535,534,526,284,516,385,532,43,530,138,529,515,522,514,517,527,524,57,520,321,
10/03/2021T14:00:1633284006Z,535,537,534,526,284,516,385,532,530,43,529,138,515,514,527,524,57,520,533,321,
10/03/2021T15:00:1633287606Z,537,535,534,526,284,516,385,532,530,43,521,529,138,515,514,517,527,524,57,533,
10/03/2021T16:00:1633291207Z,537,538,534,526,516,284,385,530,532,43,529,138,515,521,514,517,524,57,533,520,
10/03/2021T17:00:1633294807Z,539,538,535,534,526,284,385,530,532,516,536,521,529,138,515,514,517,524,57,533,
10/03/2021T18:00:1633298406Z,69,537,540,538,535,534,526,516,284,530,385,532,536,529,138,515,521,514,524,57,
10/03/2021T19:00:1633302006Z,72,541,542,540,49,539,538,543,544,545,534,526,284,516,530,385,532,529,536,521,
10/03/2021T20:00:1633305606Z,72,546,541,31,25,537,542,543,544,545,538,547,548,534,549,526,516,530,284,532,
10/03/2021T21:00:1633309206Z,72,541,546,550,31,551,25,552,537,543,553,545,554,555,547,535,556,557,548,558,
10/03/2021T22:00:1633312805Z,72,541,546,550,25,551,31,544,297,559,543,89,560,553,545,554,555,304,547,539,
10/03/2021T23:00:1633316405Z,72,541,546,550,560,25,551,31,559,543,297,89,537,553,561,545,554,557,552,555,
10/04/2021T00:00:1633320005Z,72,541,546,550,350,25,551,557,553,559,543,562,297,89,537,561,545,554,544,563,
10/04/2021T01:00:1633323606Z,69,72,541,550,546,350,557,25,551,553,559,562,543,564,89,545,297,554,565,544,
10/04/2021T02:00:1633327206Z,72,541,550,546,560,564,557,25,551,562,559,350,566,553,567,89,537,561,565,545,
10/04/2021T03:00:1633330806Z,72,568,350,550,546,557,569,25,551,553,562,559,566,89,537,570,561,545,554,297,
10/04/2021T04:00:1633334406Z,72,568,541,350,550,546,557,571,551,25,96,559,553,89,561,545,566,554,572,297,
10/04/2021T05:00:1633338006Z,573,72,541,350,550,546,557,551,25,96,559,571,553,297,565,89,537,561,566,545,
10/04/2021T06:00:1633341606Z,573,72,541,350,550,546,559,551,25,557,96,565,571,297,561,89,566,545,554,544,
10/04/2021T07:00:1633345206Z,573,72,541,350,550,546,557,551,553,25,96,559,571,565,572,561,89,566,554,297,
10/04/2021T08:00:1633348806Z,574,573,72,541,350,550,546,557,551,553,25,96,559,571,565,572,297,561,537,89,
10/04/2021T09:00:1633352406Z,573,72,541,350,550,546,557,25,551,96,559,571,565,553,572,561,575,537,89,566,
10/04/2021T10:00:1633356006Z,574,573,72,541,350,550,546,559,557,551,89,25,96,571,565,572,297,561,566,576,
10/04/2021T11:00:1633359606Z,573,72,541,350,550,65,559,557,25,551,96,571,565,572,297,561,575,537,89,566,
10/04/2021T12:00:1633363206Z,577,574,573,72,350,550,65,569,557,25,553,551,96,566,559,571,89,565,572,575,
10/04/2021T13:00:1633366807Z,577,574,578,579,573,72,541,350,550,65,557,551,25,553,566,559,565,571,89,575,
10/04/2021T14:00:1633370406Z,580,574,577,581,579,573,72,541,350,550,546,551,25,553,557,96,566,559,565,571,
10/04/2021T15:00:1633374006Z,580,574,577,581,582,573,72,541,350,550,546,557,551,25,553,566,96,565,559,571,
10/04/2021T16:00:1633377606Z,580,574,583,577,573,72,541,350,550,546,557,25,551,566,96,565,571,572,89,553,
10/04/2021T17:00:1633381206Z,580,574,577,579,584,573,72,541,350,550,546,557,551,566,96,565,571,572,89,553,
10/04/2021T18:00:1633384807Z,585,586,587,574,588,584,589,260,581,590,591,577,579,592,573,72,541,350,550,546,
10/04/2021T19:00:1633388406Z,593,594,586,584,574,589,588,260,591,581,590,579,577,592,573,72,541,350,550,546,
10/04/2021T20:00:1633392007Z,593,594,586,584,574,589,588,260,591,581,590,579,577,592,573,72,541,350,550,546,
10/04/2021T21:00:1633395606Z,593,595,586,584,589,260,596,591,581,579,590,577,592,597,573,72,541,350,550,546,
10/04/2021T22:00:1633399206Z,594,593,586,598,584,574,596,591,589,260,581,579,590,577,582,592,599,600,601,602,
10/04/2021T23:00:1633402806Z,594,593,586,584,598,574,589,596,591,603,260,604,605,581,606,579,590,577,599,582,
10/05/2021T00:00:1633406405Z,594,593,586,584,598,574,589,596,591,260,604,605,581,606,599,590,577,607,608,601,
10/05/2021T01:00:1633410006Z,594,593,586,584,598,574,589,596,591,260,604,605,581,606,599,590,577,607,608,601,
10/05/2021T02:00:1633413606Z,594,593,580,584,574,596,591,260,609,607,604,605,606,581,597,599,579,610,590,577,
10/05/2021T03:00:1633417206Z,593,594,586,607,584,574,611,591,260,609,603,604,605,606,599,597,581,579,610,590,
10/05/2021T04:00:1633420806Z,594,593,73,586,584,574,596,591,260,609,604,605,612,606,597,599,581,610,579,437,
10/05/2021T05:00:1633424405Z,593,594,73,580,584,611,574,260,613,609,603,597,591,604,605,606,599,610,581,614,
10/05/2021T06:00:1633428005Z,593,594,73,580,584,611,574,260,613,609,603,597,591,604,605,606,599,610,581,614,
10/05/2021T07:00:1633431606Z,593,594,73,586,574,584,596,591,260,609,603,597,610,604,605,606,599,581,615,579,
10/05/2021T08:00:1633435208Z,616,593,594,586,584,598,611,574,591,260,609,603,610,605,606,597,599,581,615,437,
10/05/2021T09:00:1633438806Z,616,593,594,73,617,584,598,611,574,591,260,609,603,610,604,606,605,599,581,615,
10/05/2021T10:00:1633442406Z,616,593,594,73,617,584,598,611,574,591,260,609,603,610,604,606,605,599,581,615,
10/05/2021T11:00:1633446006Z,616,593,594,73,586,584,618,598,611,574,260,609,610,591,604,606,605,599,619,581,
10/05/2021T12:00:1633449606Z,616,593,594,73,586,584,618,598,596,574,260,609,610,591,606,605,599,620,581,437,
10/05/2021T13:00:1633453206Z,616,593,594,73,586,584,618,598,596,574,260,609,610,591,606,605,599,620,581,437,
10/05/2021T14:00:1633456806Z,616,621,622,593,594,73,586,584,598,596,260,609,610,591,606,605,599,620,581,437,
10/05/2021T15:00:1633460406Z,616,621,622,593,594,73,586,584,598,596,260,609,610,591,606,605,599,620,581,437,
10/05/2021T16:00:1633464006Z,623,616,621,624,622,594,593,73,586,584,596,598,574,260,610,609,591,606,605,599,
10/05/2021T17:00:1633467606Z,623,616,621,624,625,622,626,627,594,593,73,586,584,596,598,574,260,610,609,591,
10/05/2021T18:00:1633471206Z,623,616,621,624,625,622,626,627,594,593,73,586,584,596,598,574,260,610,609,591,
10/05/2021T19:00:1633474806Z,623,625,621,616,624,626,627,628,622,594,593,73,586,584,596,574,598,260,610,609,
10/05/2021T20:00:1633478406Z,629,623,625,621,627,626,624,616,630,631,628,622,632,633,593,73,586,587,584,596,
10/05/2021T21:00:1633482006Z,629,623,625,621,627,626,631,616,632,628,622,633,634,593,585,73,586,584,596,598,
10/05/2021T22:00:1633485606Z,629,623,625,621,627,631,626,632,624,616,635,634,633,628,622,636,594,593,73,586,
10/05/2021T23:00:1633489206Z,629,623,625,621,627,631,626,632,624,616,635,634,633,628,622,636,594,593,73,586,
10/06/2021T00:00:1633492806Z,534,629,623,625,621,631,632,627,626,624,633,634,616,637,638,636,622,639,593,594,
10/06/2021T01:00:1633496408Z,534,629,623,625,639,621,631,632,627,626,634,624,640,638,635,616,636,622,641,593,
10/06/2021T02:00:1633500006Z,534,642,629,623,643,625,621,631,632,634,627,626,638,640,624,635,616,636,622,593,
10/06/2021T03:00:1633503606Z,534,642,629,623,643,625,621,631,632,634,627,626,640,638,624,635,616,636,622,644,
10/06/2021T04:00:1633507206Z,534,642,629,623,643,625,621,631,632,634,627,626,640,638,624,635,616,636,622,644,
10/06/2021T05:00:1633510806Z,534,642,629,623,643,625,621,631,634,645,627,626,638,640,624,635,616,646,636,644,
10/06/2021T06:00:1633514405Z,642,534,629,623,643,625,634,621,631,632,645,627,626,638,633,646,624,635,636,616,
10/06/2021T07:00:1633518005Z,642,534,629,623,643,625,634,621,631,632,645,627,626,638,633,646,624,635,636,616,
10/06/2021T08:00:1633521605Z,642,534,629,623,643,625,634,621,631,632,645,627,626,638,633,646,624,635,636,647,
10/06/2021T09:00:1633525205Z,642,534,629,623,643,625,634,621,631,632,645,627,626,638,633,646,624,635,647,636,
10/06/2021T10:00:1633528805Z,642,534,629,623,643,634,621,631,632,645,627,626,638,633,646,624,648,635,647,636,
10/06/2021T11:00:1633532406Z,642,534,629,623,643,625,634,621,631,632,645,626,638,633,646,624,647,635,636,644,
10/06/2021T12:00:1633536011Z,642,534,629,623,643,625,634,621,631,632,645,626,633,638,646,624,647,635,636,616,
10/06/2021T13:00:1633539609Z,642,534,629,623,643,621,625,634,631,645,632,626,633,638,646,624,635,636,616,649,
10/06/2021T14:00:1633543208Z,650,642,534,629,623,643,621,625,634,631,651,645,632,626,633,638,646,624,635,636,
10/06/2021T15:00:1633546806Z,650,642,534,629,643,623,621,634,625,631,651,645,632,626,633,638,646,624,635,636,
10/06/2021T16:00:1633550406Z,650,651,642,534,629,643,623,621,634,625,631,645,632,626,633,646,638,624,635,636,
10/06/2021T17:00:1633554006Z,650,652,653,654,642,534,629,643,623,621,634,625,631,651,645,632,626,646,633,638,
10/06/2021T18:00:1633557606Z,650,652,654,642,534,629,643,623,655,634,656,625,631,651,645,632,626,646,633,638,
10/06/2021T19:00:1633561206Z,652,650,654,657,658,659,642,534,629,643,623,655,634,625,631,651,645,632,626,646,
10/06/2021T20:00:1633564806Z,652,654,650,660,661,658,659,642,534,629,643,623,621,634,625,631,651,645,632,626,
10/06/2021T21:00:1633568406Z,652,654,650,660,658,662,659,663,664,642,534,629,643,623,655,634,625,651,631,645,
10/06/2021T22:00:1633572006Z,654,652,650,660,665,653,662,658,663,659,666,667,642,534,629,643,623,655,634,625,
10/06/2021T23:00:1633575606Z,654,652,650,660,662,658,663,659,666,667,668,642,534,629,643,623,621,634,625,651,
10/07/2021T00:00:1633579206Z,654,652,650,660,669,662,653,658,670,663,667,659,668,642,534,629,643,623,621,634,
10/07/2021T01:00:1633582806Z,654,652,650,660,565,671,662,653,670,658,663,667,659,672,668,673,642,534,629,643,
10/07/2021T02:00:1633586405Z,654,652,674,660,650,675,662,670,676,658,663,667,672,659,673,642,534,629,643,623,
10/07/2021T03:00:1633590005Z,654,652,674,660,650,662,677,676,678,670,679,680,672,663,659,673,668,642,534,629,
10/07/2021T04:00:1633593606Z,654,674,652,660,650,662,675,678,670,681,667,672,679,673,659,682,683,668,684,685,
10/07/2021T05:00:1633597206Z,654,674,652,660,650,662,686,678,670,667,672,681,679,658,673,682,659,683,668,684,
10/07/2021T06:00:1633600806Z,654,674,652,660,650,651,662,686,678,670,667,672,681,679,658,673,682,659,683,684,
10/07/2021T07:00:1633604405Z,654,687,660,650,651,662,686,678,670,667,672,681,679,658,682,673,683,659,684,668,
10/07/2021T08:00:1633608006Z,654,674,687,650,660,662,686,678,670,667,672,681,679,658,682,673,683,659,684,668,
10/07/2021T09:00:1633611606Z,654,674,652,660,650,662,686,678,670,667,672,681,679,658,682,673,683,659,684,685,
10/07/2021T10:00:1633615207Z,674,654,652,660,650,662,686,678,670,672,667,681,679,658,682,673,683,659,684,685,
10/07/2021T11:00:1633618807Z,674,654,652,660,650,662,686,678,670,672,667,681,679,658,682,673,683,659,688,684,
10/07/2021T12:00:1633622406Z,674,654,687,660,650,686,662,678,670,672,667,681,679,682,673,683,659,689,684,685,
10/07/2021T13:00:1633626007Z,674,654,687,660,650,662,690,678,670,672,667,681,679,682,673,683,691,659,688,684,
10/07/2021T14:00:1633629607Z,692,674,654,652,660,650,690,662,678,670,672,667,681,679,693,682,673,683,689,684,
10/07/2021T15:00:1633633207Z,692,674,654,652,660,650,662,690,678,670,672,667,681,679,693,682,673,683,689,684,
10/07/2021T16:00:1633636807Z,553,692,694,674,654,652,660,650,662,690,678,672,670,681,667,679,693,682,673,683,
10/07/2021T17:00:1633640408Z,553,695,692,696,694,697,698,699,674,654,652,660,650,662,690,678,672,670,681,667,
10/07/2021T18:00:1633644007Z,553,700,701,696,695,692,698,674,654,652,660,650,662,702,690,678,670,672,689,681,
10/07/2021T19:00:1633647606Z,553,700,696,695,697,692,698,674,654,652,660,702,662,690,678,670,672,689,681,680,
10/07/2021T20:00:1633651206Z,553,700,696,697,695,692,698,703,674,654,652,660,650,702,690,662,678,670,672,689,
10/07/2021T21:00:1633654806Z,553,700,696,697,695,704,705,692,706,703,698,674,654,652,660,650,702,690,662,678,
10/07/2021T22:00:1633658406Z,553,700,707,704,696,697,705,706,692,703,698,674,654,652,650,660,662,702,686,678,
10/07/2021T23:00:1633662005Z,700,707,553,702,696,705,697,695,706,694,692,703,708,698,674,654,652,660,650,690,
10/08/2021T00:00:1633665606Z,709,700,553,702,696,697,695,705,706,694,708,692,703,710,698,711,674,654,652,650,
10/08/2021T01:00:1633669206Z,709,140,705,553,704,696,697,712,695,713,706,708,694,692,710,703,711,714,674,654,
10/08/2021T02:00:1633672806Z,140,709,705,553,704,713,696,715,697,712,695,706,708,716,710,694,717,692,714,703,
10/08/2021T03:00:1633676406Z,140,709,713,553,704,715,696,718,590,697,712,706,695,708,717,716,710,719,694,720,
10/08/2021T04:00:1633680006Z,140,709,553,713,715,590,704,91,696,721,712,697,706,708,695,719,720,716,710,722,
10/08/2021T05:00:1633683605Z,140,709,713,590,715,705,553,704,91,696,712,697,706,708,719,722,720,695,717,710,
10/08/2021T06:00:1633687206Z,140,709,713,590,705,715,704,553,91,696,712,697,706,708,722,695,710,723,724,711,
10/08/2021T07:00:1633690805Z,140,709,713,590,715,705,553,91,696,712,697,706,708,695,710,723,724,711,725,694,
10/08/2021T08:00:1633694406Z,140,709,713,590,715,553,91,705,696,712,697,706,708,720,719,695,710,716,723,725,
10/08/2021T09:00:1633698005Z,726,140,709,713,590,715,705,553,91,696,712,697,727,708,706,720,719,695,710,725,
10/08/2021T10:00:1633701606Z,726,140,709,713,590,705,715,553,91,696,712,697,708,706,720,719,695,710,725,723,
10/08/2021T11:00:1633705206Z,726,140,709,713,590,715,705,91,553,696,712,697,727,708,720,706,695,710,723,724,
10/08/2021T12:00:1633708805Z,726,140,709,713,590,715,91,553,696,712,697,705,720,708,706,695,710,723,724,711,
10/08/2021T13:00:1633712405Z,726,140,709,713,590,715,705,91,704,553,696,712,697,720,728,708,706,695,710,723,
10/08/2021T14:00:1633716005Z,726,140,709,590,713,715,705,91,553,696,712,697,720,708,728,706,710,695,723,729,
10/08/2021T15:00:1633719606Z,726,140,730,709,713,715,91,553,705,696,712,697,720,708,728,706,725,710,723,695,
10/08/2021T16:00:1633723205Z,726,140,730,709,713,715,91,553,705,696,712,720,697,708,728,706,725,710,723,695,
10/08/2021T17:00:1633726806Z,726,140,730,709,713,715,705,91,553,696,712,720,697,708,725,728,706,710,723,695,
10/08/2021T18:00:1633730406Z,726,632,731,140,730,709,713,715,705,91,553,696,712,720,697,732,725,708,728,706,
10/08/2021T19:00:1633734007Z,726,632,731,733,140,730,709,713,715,91,705,553,696,712,720,725,734,697,708,728,
10/08/2021T20:00:1633737606Z,726,731,632,733,97,140,730,709,715,713,91,705,712,553,696,720,725,732,697,708,
10/08/2021T21:00:1633741206Z,726,735,731,733,632,736,97,140,730,707,713,715,709,705,91,712,553,696,725,720,
10/08/2021T22:00:1633744806Z,726,737,735,731,733,632,97,140,709,730,713,715,705,91,712,553,696,725,720,732,
10/08/2021T23:00:1633748406Z,726,738,739,737,735,731,733,632,740,140,730,707,713,715,709,705,91,712,553,696,
10/09/2021T00:00:1633752005Z,726,738,740,739,737,735,731,741,733,632,742,140,730,707,715,713,709,705,91,712,
10/09/2021T01:00:1633755605Z,738,726,740,739,737,735,731,743,733,632,742,140,709,730,713,715,705,91,712,553,
10/09/2021T02:00:1633759205Z,738,726,740,739,737,744,735,731,741,733,743,745,632,736,43,140,709,730,713,715,
10/09/2021T03:00:1633762806Z,738,726,740,746,739,536,737,735,731,741,733,743,745,742,632,747,140,709,730,713,
10/09/2021T04:00:1633766406Z,738,726,740,744,739,536,737,735,731,741,745,733,743,632,748,747,749,97,140,709,
10/09/2021T05:00:1633770006Z,738,744,726,740,739,737,735,731,536,745,750,742,733,743,749,748,747,632,751,97,
10/09/2021T06:00:1633773605Z,738,744,726,740,739,737,735,731,43,745,752,742,733,743,749,751,748,747,632,753,
10/09/2021T07:00:1633777205Z,738,744,726,740,739,754,43,737,731,745,752,733,749,751,755,748,747,632,645,753,
10/09/2021T08:00:1633780805Z,756,757,738,744,726,740,739,754,43,737,735,731,745,752,751,733,742,758,747,736,
10/09/2021T09:00:1633784405Z,756,757,738,744,740,726,739,754,43,737,735,731,745,752,749,751,733,748,747,632,
10/09/2021T10:00:1633788005Z,757,738,744,726,756,740,739,754,43,737,735,731,745,749,751,733,742,748,747,632,
10/09/2021T11:00:1633791606Z,757,738,744,740,726,739,756,754,737,735,731,536,745,751,733,742,747,632,645,753,
10/09/2021T12:00:1633795206Z,757,738,744,726,739,756,759,740,754,737,735,731,536,745,751,749,733,748,747,632,
10/09/2021T13:00:1633798806Z,757,744,738,726,756,739,759,740,754,737,735,536,731,745,751,749,733,742,747,748,
10/09/2021T14:00:1633802406Z,757,674,738,553,726,756,740,759,739,737,735,536,731,745,751,749,733,747,748,645,
10/09/2021T15:00:1633806006Z,757,674,738,553,726,756,740,759,739,751,737,735,536,731,745,749,747,733,742,748,
10/09/2021T16:00:1633809605Z,757,674,738,553,756,726,740,759,739,751,737,536,731,749,745,747,733,742,748,645,
10/09/2021T17:00:1633813206Z,757,674,738,553,756,726,740,759,760,751,749,737,536,731,745,747,733,742,748,645,
10/09/2021T18:00:1633816805Z,553,761,757,762,674,738,756,740,726,759,754,760,751,749,737,536,731,745,747,742,
10/09/2021T19:00:1633820406Z,325,553,36,763,762,757,674,738,756,740,726,759,754,760,536,645,737,749,751,731,
10/09/2021T20:00:1633824006Z,325,553,36,763,764,765,762,757,766,674,738,756,726,740,739,759,536,645,737,754,
10/09/2021T21:00:1633827606Z,325,553,764,763,765,767,762,768,769,766,757,770,674,738,771,726,740,739,759,754,
10/09/2021T22:00:1633831206Z,772,768,767,764,765,762,769,770,766,757,674,756,738,553,726,740,739,759,536,751,
10/09/2021T23:00:1633834806Z,325,768,767,764,762,769,770,766,757,674,756,738,553,726,740,739,536,759,751,645,
10/10/2021T00:00:1633838406Z,325,773,768,765,762,774,769,770,775,766,757,674,756,738,553,726,740,739,759,536,
10/10/2021T01:00:1633842006Z,772,773,768,767,776,777,765,778,762,779,774,769,770,766,780,757,674,756,738,553,
10/10/2021T02:00:1633845606Z,325,773,768,778,781,764,765,780,762,782,770,661,774,769,783,784,766,757,785,756,
10/10/2021T03:00:1633849205Z,325,489,786,773,776,777,780,783,787,765,762,782,770,774,661,769,766,785,757,756,
10/10/2021T04:00:1633852805Z,36,786,489,773,768,781,780,783,762,765,774,770,661,769,766,50,788,789,785,790,
10/10/2021T05:00:1633856406Z,791,325,489,773,776,781,780,783,762,792,774,661,770,769,766,50,788,785,789,790,
10/10/2021T06:00:1633860006Z,791,325,489,773,768,509,781,780,783,762,792,765,774,661,770,50,769,766,788,785,
10/10/2021T07:00:1633863606Z,791,325,489,773,776,509,781,780,764,762,774,661,50,770,766,769,283,788,785,757,
10/10/2021T08:00:1633867206Z,791,325,768,489,773,509,781,780,764,762,661,50,770,766,769,283,788,785,775,757,
10/10/2021T09:00:1633870806Z,791,325,489,773,768,509,781,780,764,762,661,50,770,769,283,785,788,757,756,674,
10/10/2021T10:00:1633874406Z,791,325,793,489,768,781,780,783,764,762,661,50,766,770,769,283,785,788,789,790,
10/10/2021T11:00:1633878006Z,794,791,325,489,776,767,509,781,780,792,762,774,661,50,766,770,769,283,795,757,
10/10/2021T12:00:1633881611Z,794,791,325,489,793,776,509,780,787,783,764,792,762,765,661,766,50,283,770,769,
10/10/2021T13:00:1633885206Z,794,791,325,489,773,781,509,780,783,792,762,766,765,661,50,283,769,770,795,785,
10/10/2021T14:00:1633888805Z,794,791,325,489,773,768,509,776,780,787,783,766,792,762,765,283,661,769,770,785,
10/10/2021T15:00:1633892406Z,794,550,796,797,798,791,325,489,773,776,509,780,787,783,766,764,792,762,765,283,
10/10/2021T16:00:1633896006Z,550,794,274,796,797,798,799,791,325,489,773,768,509,780,787,766,783,764,792,283,
10/10/2021T17:00:1633899606Z,550,794,274,796,797,798,799,476,800,801,325,489,773,776,781,780,766,783,764,792,
10/10/2021T18:00:1633903206Z,550,794,274,799,796,797,798,476,96,800,791,325,489,773,553,776,780,766,787,783,
10/10/2021T19:00:1633906806Z,550,794,457,733,274,802,799,797,798,803,804,805,800,806,791,325,807,489,768,773,
10/10/2021T20:00:1633910406Z,550,457,794,733,274,802,808,799,803,804,805,806,797,798,800,809,791,325,807,489,
10/10/2021T21:00:1633914006Z,550,457,810,794,808,802,733,274,811,803,799,805,806,797,798,812,800,813,814,809,
10/10/2021T22:00:1633917606Z,158,550,810,794,808,802,811,815,733,274,803,816,799,804,805,813,806,817,812,798,
10/10/2021T23:00:1633921206Z,158,550,815,794,802,808,816,733,811,803,274,817,799,818,813,805,819,806,812,798,
10/11/2021T00:00:1633924806Z,158,550,815,810,794,808,816,811,802,733,803,274,818,813,799,819,806,812,798,820,
10/11/2021T01:00:1633928406Z,158,550,815,73,810,816,794,808,802,811,733,803,818,274,799,819,820,805,806,713,
10/11/2021T02:00:1633932006Z,158,550,815,821,816,794,808,811,802,822,733,818,803,713,820,823,274,819,805,806,
10/11/2021T03:00:1633935606Z,158,550,815,821,73,709,816,794,823,808,822,802,811,733,818,713,803,824,820,819,
10/11/2021T04:00:1633939206Z,158,550,815,821,73,709,825,816,794,826,819,808,827,811,802,733,818,713,803,820,
10/11/2021T05:00:1633942806Z,158,550,815,709,821,73,825,816,822,794,819,802,811,808,733,818,713,803,828,274,
10/11/2021T06:00:1633946405Z,158,550,815,73,709,825,821,816,822,794,819,808,811,802,733,818,803,274,805,213,
10/11/2021T07:00:1633950006Z,158,829,815,550,709,821,816,822,794,819,811,802,733,818,713,803,830,274,808,831,
10/11/2021T08:00:1633953606Z,158,829,815,550,73,821,709,816,826,794,819,808,811,802,733,818,713,803,274,831,
10/11/2021T09:00:1633957206Z,158,829,815,550,821,709,73,816,826,794,819,808,802,811,733,803,274,213,805,818,
10/11/2021T10:00:1633960805Z,158,829,815,550,73,709,821,819,816,826,794,808,811,802,733,713,803,274,213,831,
10/11/2021T11:00:1633964406Z,158,829,815,550,73,821,709,819,816,826,794,811,802,808,733,832,803,274,213,831,
10/11/2021T12:00:1633968006Z,332,158,815,550,73,821,709,819,816,826,794,808,811,802,733,820,803,274,213,833,
10/11/2021T13:00:1633971606Z,332,158,815,550,73,821,709,816,819,826,794,808,802,811,818,733,820,803,274,804,
10/11/2021T14:00:1633975206Z,834,332,158,815,550,709,821,819,73,816,826,794,808,811,802,818,733,713,803,274,
10/11/2021T15:00:1633978806Z,835,834,332,158,819,815,709,821,550,73,816,826,794,808,802,811,818,733,713,803,
10/11/2021T16:00:1633982406Z,836,837,838,839,834,332,158,819,815,821,707,550,73,816,826,794,802,811,808,818,
10/11/2021T17:00:1633986007Z,835,837,840,838,332,158,819,821,707,815,550,73,816,822,794,802,811,213,808,818,
10/11/2021T18:00:1633989606Z,835,836,837,841,840,838,834,332,158,819,821,707,815,550,73,816,822,794,802,808,
10/11/2021T19:00:1633993206Z,837,840,839,842,838,843,332,158,819,821,707,815,550,816,822,794,808,213,811,818,
10/11/2021T20:00:1633996806Z,790,839,836,841,837,842,840,834,332,158,819,821,707,815,550,73,816,822,794,844,
10/11/2021T21:00:1634000405Z,790,839,836,837,842,840,845,846,834,332,158,819,821,707,815,550,73,816,822,794,
10/11/2021T23:00:1634007606Z,790,839,836,847,841,842,837,848,845,843,849,846,834,332,158,819,815,821,707,816,
10/12/2021T00:00:1634011211Z,847,839,842,841,837,848,845,840,849,843,838,834,332,158,819,815,821,707,816,550,
10/12/2021T01:00:1634014807Z,850,847,845,839,842,841,848,837,851,840,849,843,846,834,332,158,819,815,821,707,
10/12/2021T02:00:1634018406Z,790,852,853,842,854,851,577,839,841,855,837,856,849,840,843,857,858,846,834,332,
10/12/2021T03:00:1634022006Z,853,852,854,842,851,836,577,839,859,841,837,856,849,840,860,464,858,843,857,846,
10/12/2021T04:00:1634025606Z,852,854,851,836,842,577,861,839,859,841,742,856,837,849,464,860,840,858,843,862,
10/12/2021T05:00:1634029205Z,105,852,854,842,851,836,577,859,742,855,856,837,849,464,860,858,839,863,843,862,
10/12/2021T06:00:1634032805Z,105,674,852,854,842,851,836,577,859,742,856,855,864,849,464,837,858,860,863,839,
10/12/2021T07:00:1634036405Z,105,674,852,854,842,836,577,859,839,856,855,864,464,865,849,837,858,860,863,862,
10/12/2021T08:00:1634040005Z,866,867,105,674,852,854,836,861,842,577,859,839,742,856,855,864,464,849,865,837,
10/12/2021T09:00:1634043605Z,867,866,105,674,852,854,836,861,842,577,859,839,742,856,464,855,864,849,865,837,
10/12/2021T10:00:1634047206Z,867,866,105,674,852,854,851,836,861,842,577,859,839,856,464,855,849,837,858,860,
10/12/2021T11:00:1634050806Z,867,866,105,674,852,854,851,836,861,842,577,859,839,742,841,856,464,855,849,837,
10/12/2021T12:00:1634054409Z,867,866,105,852,868,851,836,869,861,842,859,577,839,742,464,856,864,855,849,837,
10/12/2021T13:00:1634058006Z,867,866,105,674,852,842,868,851,869,836,859,577,839,742,464,856,855,849,858,863,
10/12/2021T14:00:1634061606Z,867,866,870,105,674,852,842,851,869,836,859,577,742,839,871,464,856,849,855,858,
10/12/2021T15:00:1634065206Z,867,866,870,105,852,854,842,851,858,836,859,742,577,839,464,871,856,849,855,863,
10/12/2021T16:00:1634068807Z,867,866,870,105,852,854,851,858,872,856,859,836,742,842,577,839,464,871,849,863,
10/12/2021T17:00:1634072406Z,873,867,874,870,866,875,876,877,105,674,852,851,869,858,872,856,859,836,742,842,
10/12/2021T18:00:1634076006Z,878,867,873,874,875,870,866,879,876,880,877,105,674,852,854,851,858,872,856,742,
10/12/2021T19:00:1634079606Z,378,867,878,873,875,870,866,876,879,880,877,105,674,852,854,851,858,872,742,856,
10/12/2021T20:00:1634083206Z,378,867,878,873,880,875,870,866,876,879,877,105,674,852,854,851,858,872,742,856,
10/12/2021T21:00:1634086806Z,106,378,867,873,878,880,875,870,879,866,876,881,877,674,852,854,851,858,872,742,
10/12/2021T22:00:1634090406Z,106,378,867,873,878,880,875,870,879,876,866,881,877,105,674,852,854,851,858,872,
10/12/2021T23:00:1634094006Z,106,378,867,873,878,880,875,870,879,876,866,882,881,883,877,853,674,852,854,851,
10/13/2021T00:00:1634097606Z,106,165,378,884,873,878,880,875,870,879,876,866,882,885,881,883,105,674,852,854,
10/13/2021T01:00:1634101206Z,106,165,378,884,873,878,875,886,870,879,876,866,882,380,887,881,888,889,105,744,
10/13/2021T02:00:1634104806Z,106,165,378,884,873,878,875,880,886,870,879,876,882,887,866,890,889,888,881,105,
10/13/2021T03:00:1634108405Z,106,165,378,884,886,873,878,875,880,870,879,876,887,882,866,890,889,891,881,892,
10/13/2021T04:00:1634112005Z,106,165,378,874,886,870,884,873,878,875,880,892,879,887,876,889,866,888,891,881,
10/13/2021T05:00:1634115606Z,106,165,378,870,874,884,873,875,878,880,893,887,879,876,882,889,866,894,888,891,
10/13/2021T06:00:1634119206Z,106,165,870,874,884,873,875,878,880,893,894,887,879,876,882,889,866,891,895,881,
10/13/2021T07:00:1634122806Z,106,378,165,870,874,884,873,878,880,893,887,875,879,876,882,889,894,866,895,891,
10/13/2021T08:00:1634126406Z,106,378,165,870,874,884,873,875,878,893,880,894,887,879,876,889,895,866,891,881,
10/13/2021T09:00:1634130006Z,106,378,870,165,874,884,873,875,878,893,880,894,887,879,876,889,895,866,891,252,
10/13/2021T10:00:1634133606Z,553,106,378,870,165,874,884,873,875,878,893,880,894,887,879,876,889,895,866,896,
10/13/2021T11:00:1634137206Z,553,106,378,870,165,874,884,873,875,878,893,880,894,887,879,876,889,895,891,866,
10/13/2021T12:00:1634140806Z,553,106,378,870,165,874,884,873,875,878,893,880,894,897,887,879,876,889,882,895,
10/13/2021T13:00:1634144405Z,553,106,378,870,165,874,884,875,873,878,893,880,894,887,898,879,876,889,895,891,
10/13/2021T14:00:1634148005Z,553,899,106,378,870,165,874,884,875,873,893,878,880,894,887,898,889,879,876,895,
10/13/2021T15:00:1634151606Z,553,899,900,106,378,165,886,870,884,893,875,878,874,880,887,898,889,879,876,882,
10/13/2021T16:00:1634155206Z,260,553,899,106,378,165,870,886,874,884,893,873,875,878,880,897,898,887,889,879,
10/13/2021T17:00:1634158806Z,260,553,899,901,106,378,165,870,886,902,874,884,893,873,875,878,880,898,887,889,
10/13/2021T18:00:1634162406Z,260,553,899,428,903,901,106,378,165,870,886,902,884,893,873,875,878,880,898,887,
10/13/2021T19:00:1634166006Z,260,553,899,902,428,903,901,904,106,378,165,870,886,884,905,893,873,875,878,880,
10/13/2021T20:00:1634169607Z,260,553,899,902,903,904,901,906,106,378,165,870,886,884,893,873,875,878,880,887,
10/13/2021T21:00:1634173206Z,260,899,902,754,904,903,906,901,106,378,165,870,886,893,884,889,873,875,878,880,
10/13/2021T22:00:1634176806Z,260,553,899,902,904,903,906,901,907,106,378,165,870,893,884,905,886,873,875,878,
10/13/2021T23:00:1634180405Z,260,553,899,902,904,906,903,428,908,909,901,907,106,378,870,165,893,884,873,875,
10/14/2021T00:00:1634184006Z,260,553,899,902,908,906,903,910,428,909,911,901,907,912,106,378,165,870,893,884,
10/14/2021T01:00:1634187610Z,260,553,899,902,713,908,904,906,903,910,428,911,909,907,901,912,106,378,165,870,
10/14/2021T02:00:1634191207Z,260,553,713,899,902,908,904,906,903,913,910,911,909,907,901,912,106,378,870,165,
10/14/2021T03:00:1634194806Z,260,553,914,908,713,899,902,904,906,903,910,911,909,795,907,915,912,901,916,106,
10/14/2021T04:00:1634198406Z,260,908,553,713,899,902,904,906,917,903,910,911,915,909,907,795,918,912,901,916,
10/14/2021T05:00:1634202006Z,260,908,713,553,919,899,902,91,904,906,770,917,911,910,915,909,918,907,795,916,
10/14/2021T06:00:1634205606Z,260,908,553,713,899,902,91,904,906,770,911,917,903,915,910,918,909,907,428,795,
10/14/2021T07:00:1634209206Z,260,908,553,713,899,902,91,904,906,770,911,915,917,910,903,918,909,907,428,795,
10/14/2021T08:00:1634212806Z,260,908,553,713,899,902,91,904,906,770,920,911,915,917,910,903,918,909,907,795,
10/14/2021T09:00:1634216406Z,260,908,553,713,899,902,91,904,906,770,911,915,910,917,903,918,909,907,795,916,
10/14/2021T10:00:1634220005Z,260,908,553,713,899,902,91,904,906,770,911,915,910,917,903,918,909,907,795,916,
10/14/2021T11:00:1634223606Z,260,908,553,899,902,91,904,906,921,770,922,911,915,910,917,903,918,909,907,795,
10/14/2021T12:00:1634227206Z,260,908,553,713,899,91,904,906,770,915,911,910,918,917,903,909,907,916,795,923,
10/14/2021T13:00:1634230806Z,924,925,260,908,553,899,91,902,926,904,906,922,915,911,918,910,903,917,909,770,
10/14/2021T14:00:1634234406Z,924,925,260,908,553,899,91,902,926,904,906,922,915,911,910,918,903,917,909,770,
10/14/2021T15:00:1634238007Z,924,925,260,908,553,713,899,91,926,904,906,920,915,911,910,918,903,917,909,770,
10/14/2021T16:00:1634241608Z,924,925,927,260,908,553,713,914,899,91,926,904,906,770,915,911,910,918,928,903,
10/14/2021T17:00:1634245206Z,924,925,927,929,260,908,553,713,914,899,91,904,906,920,770,915,911,910,918,928,
10/14/2021T18:00:1634248806Z,924,925,929,927,930,260,908,553,899,91,906,904,915,770,922,911,910,918,928,903,
10/14/2021T19:00:1634252406Z,924,925,929,927,931,932,930,933,260,908,553,913,899,922,91,920,906,904,915,770,
10/14/2021T20:00:1634256013Z,924,934,929,925,927,931,932,930,935,260,908,553,914,713,913,899,91,906,904,915,
10/14/2021T21:00:1634259617Z,924,934,929,925,927,932,931,930,935,260,908,553,713,914,913,899,91,906,904,915,
10/14/2021T22:00:1634263221Z,924,930,929,541,925,927,932,936,931,937,935,260,908,553,914,713,913,899,91,906,
10/14/2021T23:00:1634266819Z,924,930,929,927,925,36,936,932,931,937,938,935,939,260,908,553,713,913,899,91,
10/15/2021T00:00:1634270429Z,924,541,930,929,927,925,936,932,36,931,937,938,935,939,260,908,553,713,913,920,
10/15/2021T01:00:1634274024Z,924,87,934,930,929,927,925,932,36,937,931,940,938,935,939,260,908,553,713,913,
10/15/2021T02:00:1634277627Z,87,924,934,930,929,21,569,927,925,941,942,932,943,36,937,931,178,940,938,935,
10/15/2021T03:00:1634281217Z,87,924,934,944,569,21,930,929,945,927,940,925,932,36,937,931,938,178,946,947,
10/15/2021T04:00:1634284828Z,87,541,924,944,934,21,930,929,945,940,927,925,932,947,36,937,938,931,178,948,
10/15/2021T05:00:1634288416Z,87,746,541,924,944,934,949,21,930,929,945,680,940,927,925,932,36,937,938,931,
10/15/2021T06:00:1634292013Z,674,87,541,924,944,934,949,21,930,945,929,680,940,927,925,932,36,937,938,931,
10/15/2021T07:00:1634295607Z,674,87,541,924,944,934,949,21,930,929,680,940,927,925,932,36,937,938,931,950,
10/15/2021T08:00:1634299208Z,674,87,541,924,944,934,949,21,930,929,680,940,927,925,932,36,937,938,931,178,
10/15/2021T09:00:1634302806Z,674,87,541,924,944,934,949,21,930,929,680,940,927,925,932,36,937,938,931,948,
10/15/2021T10:00:1634306406Z,674,87,135,541,924,944,934,949,21,930,929,680,940,927,925,932,36,937,938,950,
10/15/2021T11:00:1634310009Z,674,87,541,924,944,934,949,21,930,929,680,940,927,925,932,937,36,938,948,931,
10/15/2021T12:00:1634313608Z,951,674,87,541,944,924,934,949,930,929,680,940,927,925,932,937,36,938,948,950,
10/15/2021T13:00:1634317207Z,951,674,87,541,944,924,934,949,21,929,930,680,940,927,925,932,937,36,938,948,
10/15/2021T14:00:1634320814Z,951,952,953,674,87,541,944,924,934,949,21,929,930,680,940,927,932,925,937,938,
10/15/2021T15:00:1634324417Z,388,951,952,953,674,87,541,944,924,934,949,21,929,930,680,940,927,932,925,938,
10/15/2021T16:00:1634328016Z,388,951,954,952,955,953,956,674,87,541,944,924,934,949,21,929,930,680,940,927,
10/15/2021T17:00:1634331616Z,388,954,951,957,955,952,953,958,959,956,960,674,87,541,944,924,934,949,21,929,
10/15/2021T18:00:1634335214Z,388,961,954,951,957,955,958,952,953,959,960,956,962,674,87,541,944,924,934,949,
10/15/2021T19:00:1634338806Z,388,963,961,954,951,957,955,958,952,953,962,959,960,956,674,87,541,944,924,949,
10/15/2021T20:00:1634342406Z,964,388,963,954,951,965,955,958,957,966,952,953,959,960,674,87,541,944,924,934,
10/15/2021T21:00:1634346006Z,388,963,961,954,951,967,968,955,958,957,966,962,952,959,953,960,956,674,87,541,
10/15/2021T22:00:1634349605Z,969,388,961,954,951,89,967,968,955,958,966,970,952,959,953,971,960,956,972,674,
10/15/2021T23:00:1634353206Z,963,388,961,954,89,967,962,973,965,955,958,957,974,959,975,952,953,976,960,956,
10/16/2021T00:00:1634356805Z,964,963,388,954,951,967,973,966,977,89,968,955,958,978,974,957,975,971,959,952,
10/16/2021T01:00:1634360417Z,964,963,388,966,979,954,951,967,971,973,978,977,89,955,974,968,980,958,975,957,
10/16/2021T02:00:1634364017Z,963,388,954,966,979,967,951,973,974,977,89,955,968,980,958,981,982,975,971,983,
10/16/2021T03:00:1634367617Z,966,388,954,979,241,984,967,951,978,973,974,981,977,89,955,968,980,958,983,975,
10/16/2021T04:00:1634371229Z,963,966,388,954,978,241,981,967,951,971,958,974,973,977,89,955,968,983,980,975,
10/16/2021T05:00:1634374816Z,963,966,388,981,978,954,241,967,951,971,985,958,986,974,973,977,89,983,955,968,
10/16/2021T06:00:1634378417Z,963,966,981,388,978,954,241,967,971,986,958,974,973,977,951,89,983,968,975,980,
10/16/2021T07:00:1634382014Z,963,966,981,388,978,954,241,967,951,971,958,973,977,983,526,89,955,975,968,980,
10/16/2021T08:00:1634385606Z,987,963,966,981,978,388,954,241,967,526,951,971,958,974,973,977,983,89,955,975,
10/16/2021T09:00:1634389205Z,987,988,963,966,981,978,388,954,977,241,967,526,958,974,973,983,951,955,975,968,
10/16/2021T10:00:1634392806Z,963,966,981,388,978,954,977,241,526,967,951,971,958,974,973,983,955,975,968,980,
10/16/2021T11:00:1634396408Z,963,966,388,981,978,954,983,977,241,526,967,951,971,958,973,955,975,968,980,989,
10/16/2021T12:00:1634400006Z,963,966,981,978,388,954,983,241,526,967,977,951,958,973,89,955,975,968,980,989,
10/16/2021T13:00:1634403617Z,990,963,966,981,978,388,954,241,526,967,977,983,951,958,973,89,955,975,968,980,
10/16/2021T14:00:1634407217Z,990,966,991,981,388,978,954,977,526,241,967,983,951,958,973,975,955,968,989,980,
10/16/2021T15:00:1634410824Z,990,966,963,981,978,388,954,977,241,967,983,951,974,526,958,973,975,955,968,989,
10/16/2021T16:00:1634414417Z,990,94,992,966,991,981,978,388,954,977,241,961,983,967,951,526,974,987,958,993,
10/16/2021T17:00:1634418016Z,990,94,992,994,966,991,981,978,388,954,977,241,983,967,526,951,974,987,958,993,
10/16/2021T18:00:1634421616Z,990,994,992,25,966,963,981,978,388,954,977,526,241,967,974,951,987,983,958,993,
10/16/2021T19:00:1634425217Z,990,994,98,25,995,996,88,997,998,966,963,978,981,388,954,526,241,961,967,89,
10/16/2021T20:00:1634428816Z,990,26,994,98,992,996,88,997,995,25,998,297,966,981,963,978,388,977,954,526,
10/16/2021T21:00:1634432406Z,990,549,26,31,994,786,98,992,997,88,995,25,30,5,999,1000,998,297,1001,709,
10/16/2021T22:00:1634436006Z,990,549,31,26,994,786,98,997,992,88,1000,25,30,999,1002,998,297,1001,709,966,
10/16/2021T23:00:1634439606Z,990,549,31,1003,26,786,98,1004,992,1000,88,30,25,999,1002,998,297,1001,709,966,
10/17/2021T00:00:1634443205Z,990,1005,31,1003,26,1004,786,98,1000,88,30,25,999,1002,998,297,1001,709,966,963,
10/17/2021T01:00:1634446817Z,990,31,549,1003,26,1004,786,98,997,1000,88,30,25,1002,1006,1007,297,1001,730,966,
10/17/2021T02:00:1634450418Z,31,1003,990,26,1004,996,786,1000,1006,997,88,30,25,5,1008,297,1001,730,966,978,
10/17/2021T03:00:1634454018Z,990,1003,549,31,26,1004,786,1009,98,1006,1000,997,1010,88,30,25,1008,1002,304,1011,
10/17/2021T04:00:1634457648Z,1003,31,990,549,26,1004,1006,786,98,555,1000,1010,997,88,1008,25,1002,297,304,1012,
10/17/2021T05:00:1634461213Z,1003,549,990,31,26,1006,1004,786,98,1000,1013,1010,997,88,1008,25,304,297,1012,685,
10/17/2021T06:00:1634464815Z,1003,549,990,31,1006,26,1004,786,555,1013,1000,1010,997,992,88,1008,25,1002,1014,297,
10/17/2021T07:00:1634468415Z,1003,549,990,31,26,1004,1006,786,1013,1000,1010,992,88,30,1008,1014,25,1002,1015,297,
10/17/2021T08:00:1634472014Z,1003,990,549,31,26,1006,1004,786,1013,1000,992,88,30,1008,1014,25,1002,1015,297,685,
10/17/2021T09:00:1634475615Z,1003,549,990,31,26,1006,1004,786,1013,1000,992,88,30,1008,1014,25,1002,1015,297,685,
10/17/2021T10:00:1634479216Z,1003,549,990,31,26,1006,1004,786,1013,1000,98,997,992,88,1008,999,25,1002,1016,1015,
10/17/2021T11:00:1634482816Z,1003,990,31,996,1006,1004,786,1013,1000,997,992,88,1014,1008,999,25,1017,1002,1015,685,
10/17/2021T12:00:1634486419Z,1003,549,990,31,26,1004,1006,786,1013,1000,997,992,88,1014,1008,30,25,1015,1002,998,
10/17/2021T13:00:1634490018Z,1003,990,31,996,1006,26,1004,1013,786,1000,997,992,1014,88,1008,30,25,1015,1016,1002,
10/17/2021T14:00:1634493617Z,1003,549,990,31,1006,26,1004,1013,786,1000,1018,997,992,1014,88,1008,30,25,1015,1002,
10/17/2021T15:00:1634497217Z,763,1003,31,990,1006,996,26,1004,1013,786,1000,997,1014,992,88,1008,30,1015,25,1002,
10/17/2021T16:00:1634500816Z,1019,21,1020,763,1021,1022,1023,549,358,990,1024,31,26,1004,1013,786,1000,555,1018,997,
10/17/2021T17:00:1634504407Z,1025,1020,763,1021,1003,1023,549,990,31,26,1004,1013,1000,786,1026,1014,1018,997,992,1008,
10/17/2021T18:00:1634508008Z,1025,1027,1020,1022,1021,763,1028,1029,1003,358,1023,549,990,31,26,1013,1004,1000,786,1018,
10/17/2021T19:00:1634511606Z,1025,105,21,1028,1022,1020,296,853,1030,1021,763,33,1029,76,1003,358,549,1023,990,31,
10/17/2021T20:00:1634515207Z,1025,332,105,90,1028,1022,853,1020,296,1021,976,1031,763,1029,76,33,1003,549,358,1023,
10/17/2021T21:00:1634518806Z,1025,332,105,358,90,1028,853,1022,1020,1021,296,976,138,1029,1032,763,76,33,1033,1003,
10/17/2021T22:00:1634522406Z,1025,332,105,358,90,1028,853,1034,138,1022,1021,1020,296,976,1035,1029,1033,763,33,1036,
10/17/2021T23:00:1634526005Z,1025,332,105,358,90,1028,1034,853,138,1022,1021,1020,1037,1038,296,976,1029,1033,763,33,
10/18/2021T00:00:1634529614Z,1025,332,105,358,90,1034,1028,853,140,1038,1022,1021,1020,1039,1032,1040,976,296,1029,1033,
10/18/2021T01:00:1634533206Z,1025,332,105,1034,90,1028,1041,140,853,21,1038,1020,1022,1021,1042,138,976,1043,1029,296,
10/18/2021T02:00:1634536805Z,1025,332,105,140,1034,90,1028,1038,1041,853,138,1020,1022,1021,976,1029,296,1033,1044,76,
10/18/2021T03:00:1634540405Z,1025,105,140,332,1034,90,74,1037,1028,853,21,1020,1022,1045,1021,1040,976,1029,296,1044,
10/18/2021T04:00:1634544005Z,1025,140,105,332,1034,358,74,1046,90,1028,853,1022,1020,1035,1045,1021,976,1029,1044,296,
10/18/2021T05:00:1634547605Z,140,1025,105,332,358,1034,74,1046,90,1028,853,21,1020,1021,1029,976,1044,296,1033,1047,
10/18/2021T06:00:1634551205Z,140,1025,332,105,1034,74,1046,90,1028,1022,853,1035,1020,1021,1029,976,1044,296,1047,1033,
10/18/2021T07:00:1634554805Z,140,332,105,811,1034,74,1046,90,1028,1022,853,1020,1021,1029,976,1044,1047,296,1033,1048,
10/18/2021T08:00:1634558406Z,140,1025,332,105,1034,358,74,1046,90,1028,1022,853,1045,21,1049,1035,1020,1021,1029,976,
10/18/2021T09:00:1634562006Z,140,332,1025,105,1034,74,1046,90,1028,1022,853,1045,21,1049,1035,1020,1021,1029,1044,976,
10/18/2021T10:00:1634565606Z,140,1025,332,105,1034,358,90,74,1046,1028,1022,853,1045,1049,1035,1020,1021,1029,1044,976,
10/18/2021T11:00:1634569206Z,140,1025,332,105,1034,74,1046,90,1028,1022,853,1045,21,1049,1035,1020,1021,1029,1044,976,
10/18/2021T12:00:1634572806Z,1050,140,332,1025,105,1034,90,74,1046,1028,1022,853,1045,21,1049,1035,1020,1021,1029,1044,
10/18/2021T13:00:1634576406Z,1051,1050,140,1025,332,105,1034,90,74,1046,1028,1022,853,1045,1049,1020,1021,1032,1044,1029,
10/18/2021T14:00:1634580006Z,1051,1050,140,332,1025,105,1034,358,90,1046,1028,1038,1022,853,1045,1049,1020,1021,1044,1032,
10/18/2021T15:00:1634583606Z,1051,1050,140,1025,332,105,1034,695,90,74,1046,1028,1022,853,1049,1021,1020,1044,138,1047,
10/18/2021T16:00:1634587206Z,1051,1052,1053,1050,1054,140,1025,105,1034,332,695,90,74,1046,1028,1022,853,1049,1021,1020,
10/18/2021T17:00:1634590806Z,1051,1055,1054,1053,393,1050,140,1025,105,332,1034,695,74,1046,90,1028,1022,1049,853,21,
10/18/2021T18:00:1634594407Z,1051,1055,1056,393,1050,140,1025,332,105,1034,695,358,74,1046,90,1028,1049,1022,853,1021,
10/18/2021T19:00:1634598006Z,1051,1052,1057,393,1053,1050,1058,1059,1060,332,1025,105,1034,695,358,74,1046,90,1028,1049,
10/18/2021T20:00:1634601606Z,1051,1061,1056,393,1053,321,1059,1050,1058,1062,1063,1060,332,1025,105,1034,358,695,74,90,
10/18/2021T21:00:1634605206Z,1051,1061,1056,393,321,1062,1053,1059,1050,1063,1060,332,105,1025,1034,695,358,74,90,1046,
10/18/2021T22:00:1634608806Z,1051,1061,1056,321,393,1062,1053,1059,1064,1050,1060,1034,332,105,1025,695,74,1046,90,1028,
10/18/2021T23:00:1634612406Z,1051,1061,1056,321,1062,393,1053,1065,1059,1066,1064,1050,60,1060,1034,332,105,1025,695,358,
10/19/2021T00:00:1634616006Z,1051,1061,1057,321,1062,393,1053,1065,1064,60,1050,1067,1068,1069,1070,1060,1034,332,105,1025,
10/19/2021T01:00:1634619606Z,1051,1061,1057,321,1062,1071,393,1053,1067,1065,1059,60,1064,1050,1068,1069,1070,1060,105,1025,
10/19/2021T02:00:1634623206Z,1051,1061,1057,321,1072,1071,393,1067,60,1065,1073,1059,1064,1069,1068,1050,1070,1060,1034,332,
10/19/2021T03:00:1634626806Z,1051,1061,1057,321,1072,1071,393,1073,1067,60,1065,1059,1074,1075,1069,1068,1064,1050,1070,1076,
10/19/2021T04:00:1634630406Z,1051,1061,1057,321,1062,1072,1071,393,1073,1067,60,1074,1065,1053,1059,1069,1068,1075,1064,1050,
10/19/2021T05:00:1634634005Z,1051,1061,1057,321,1072,1071,393,1073,879,1074,60,1067,1065,1053,1069,1068,1076,1064,1050,1077,
10/19/2021T06:00:1634637606Z,1051,1061,1057,1062,1072,321,1071,393,1073,879,1074,60,1067,1065,1069,1076,1068,1064,1050,1078,
10/19/2021T07:00:1634641205Z,1051,1061,1071,1062,1056,1072,321,393,1073,879,1074,60,1067,1065,1053,1069,1079,1076,1068,1064,
10/19/2021T08:00:1634644806Z,1051,1061,1057,1072,1071,321,393,1073,1074,60,1067,1065,1053,1069,1076,1068,1064,1066,1077,1078,
10/19/2021T09:00:1634648406Z,1051,829,1061,1057,1072,1071,321,393,1073,1074,1067,1065,1069,1076,1068,1064,1050,1066,1077,1078,
10/19/2021T10:00:1634652006Z,1051,829,1061,1057,1072,1071,393,1073,321,1074,60,1067,1065,1069,1076,1068,1064,1050,1077,1078,
10/19/2021T11:00:1634655606Z,1051,1061,1057,1072,1071,1062,321,393,1073,1074,60,1067,1065,1080,1069,1076,1079,1068,1064,1050,
10/19/2021T12:00:1634659206Z,1051,1061,1057,1072,321,393,1073,1074,60,1067,1065,1080,1069,1076,1053,1068,1064,1077,1050,1066,
10/19/2021T13:00:1634662806Z,1051,1081,1061,1057,1072,1071,321,393,1073,1074,60,1065,1067,1069,1076,1068,1077,1064,1050,1078,
10/19/2021T14:00:1634666406Z,1082,1083,1051,1081,1061,709,1057,1071,321,393,1073,1074,879,60,1065,1067,1076,1069,1079,1068,
10/19/2021T15:00:1634670006Z,1082,939,1083,1051,1061,709,1057,1071,321,393,1073,1065,60,1067,1076,1069,1078,1084,1068,1077,
10/19/2021T16:00:1634673606Z,939,1085,1083,1051,1081,1061,709,1057,1071,1062,321,393,1073,1074,1065,60,1067,1078,1076,1069,
10/19/2021T17:00:1634677206Z,1082,939,1086,1051,1081,1061,709,1057,1071,1062,1073,393,321,1074,1065,60,879,1067,1078,1076,
10/19/2021T18:00:1634680807Z,1087,1088,939,1089,1083,405,1051,1081,1061,709,1071,1057,393,1062,1073,321,1065,1078,1074,60,
10/19/2021T19:00:1634684406Z,1087,1082,939,405,1089,1083,1051,1081,1061,709,1057,1071,393,1065,1062,1073,321,1078,1074,60,
10/19/2021T20:00:1634688006Z,1087,1082,1090,939,405,1089,1083,1051,1081,1061,709,1057,1065,1071,393,1073,1062,321,1074,60,
10/19/2021T21:00:1634691606Z,859,1082,1087,1090,89,405,939,1089,1083,1051,1061,709,1057,393,1071,1065,1073,321,1078,1091,
10/19/2021T22:00:1634695206Z,859,1087,1082,89,405,1090,297,939,1092,1089,1093,1094,1083,1095,1096,1051,1081,1061,709,393,
10/19/2021T23:00:1634698806Z,859,1087,89,1082,405,1090,297,939,1097,1098,1093,1089,1094,1099,1100,1083,1096,1101,1102,1095,
10/20/2021T00:00:1634702406Z,559,1087,297,89,1082,939,405,1090,1092,1097,1093,1098,1094,1089,1100,1096,1103,1083,1102,1095,
10/20/2021T01:00:1634706006Z,577,859,1087,89,1092,1082,939,405,297,1104,1093,1098,1100,1094,1089,1103,1096,1083,1102,1095,
10/20/2021T02:00:1634709606Z,559,577,89,859,553,297,1105,1082,939,1106,405,1090,1104,1093,1100,1107,1098,1094,1103,1089,
10/20/2021T03:00:1634713206Z,559,577,1108,859,405,1087,1105,89,1082,939,297,1097,1093,1109,1100,1098,1110,1094,1103,1096,
10/20/2021T04:00:1634716806Z,559,577,859,405,1105,89,1082,1087,939,1109,1086,1093,1100,1110,1098,1094,1103,1096,1101,1089,
10/20/2021T05:00:1634720405Z,1108,577,859,405,1105,1087,89,1109,1082,1101,1093,939,1097,1100,1110,1094,1098,1111,1096,1112,
10/20/2021T06:00:1634724006Z,559,577,859,1105,89,1109,1092,297,1082,1087,939,1093,1100,1111,1110,1094,1098,1112,1096,1103,
10/20/2021T07:00:1634727606Z,559,577,859,1105,1109,89,1092,297,1082,939,1090,1093,1100,1094,1098,1096,1112,1103,1113,1114,
10/20/2021T08:00:1634731206Z,1115,559,577,859,1105,1109,89,1092,1082,939,1090,297,1093,1100,1097,1110,1094,1098,1096,1112,
10/20/2021T09:00:1634734806Z,1115,559,577,859,89,1105,1109,297,1090,1082,939,1093,1100,1097,1110,1094,1098,1096,1112,1114,
10/20/2021T10:00:1634738405Z,1115,1108,577,859,89,1105,1109,1082,939,1090,297,1093,1100,1097,1110,1094,1098,1096,1112,1103,
10/20/2021T11:00:1634742008Z,1115,1116,577,859,89,1105,1109,1090,1082,939,297,1093,1100,1097,1110,1094,1098,1112,1103,1113,
10/20/2021T12:00:1634745605Z,1115,1117,1116,577,859,89,1105,1109,1090,1082,939,405,297,1093,1100,1097,1110,1094,1114,1096,
10/20/2021T13:00:1634749206Z,1115,1117,1116,577,89,859,1105,1109,1090,1082,939,297,1093,1100,1097,1118,1094,1096,1098,1119,
10/20/2021T14:00:1634752806Z,1115,1117,1116,577,859,89,1105,1109,1090,939,1108,297,1093,1100,1120,1097,1118,1094,1119,1096,
10/20/2021T15:00:1634756406Z,1121,1115,1117,1108,577,859,89,1105,1109,1090,1082,939,405,297,1093,1100,1120,1097,1110,1094,
10/20/2021T16:00:1634760006Z,1121,1115,1117,559,577,859,89,1105,1109,1090,1082,939,405,1093,297,1100,1120,1097,1110,1094,
10/20/2021T17:00:1634763605Z,1117,1121,1115,1122,1123,559,393,577,859,1105,89,1104,1109,1090,1082,939,25,1093,1120,1100,
10/20/2021T18:00:1634767207Z,393,1117,1121,1115,138,1122,1123,1124,559,577,1105,859,89,1109,1108,297,1090,1082,25,405,
10/20/2021T19:00:1634770805Z,393,1117,138,1121,1115,1122,1124,1123,960,559,1108,577,1105,859,89,1109,297,1090,1082,25,
10/20/2021T20:00:1634774406Z,393,1125,1117,138,1121,1115,1126,1124,960,1123,1122,1127,559,577,1108,1105,859,89,1109,297,
10/20/2021T21:00:1634778006Z,393,1125,1117,138,1121,1126,1115,1124,960,1123,1128,1122,1127,1129,559,1116,577,1105,859,89,
10/20/2021T22:00:1634781606Z,38,393,215,1117,138,1121,1126,1124,1115,960,1128,1123,447,97,1122,1130,88,1129,1127,141,
10/20/2021T23:00:1634785205Z,38,393,94,1131,215,138,1117,1121,1126,960,1115,1132,1133,447,1123,1130,88,1129,1122,1134,
10/21/2021T00:00:1634788806Z,38,393,215,1133,138,1117,788,1121,1126,1124,960,97,1128,1132,447,1130,1123,1129,88,1122,
10/21/2021T01:00:1634792406Z,38,393,215,1133,645,138,1117,1121,1124,1126,960,97,1128,1130,1115,447,1132,1123,1129,88,
10/21/2021T02:00:1634796007Z,38,215,1133,645,138,447,1117,960,1124,1121,1126,97,1130,1128,1115,1132,1129,1123,88,1135,
10/21/2021T03:00:1634799605Z,38,393,645,1133,215,447,138,1132,1117,960,1136,1124,1130,1121,1126,1128,1115,1129,1137,1123,
10/21/2021T04:00:1634803206Z,38,393,1133,645,215,960,1136,138,1132,1117,1124,1130,1121,1128,1126,447,1137,1115,1129,1135,
10/21/2021T05:00:1634806806Z,38,393,1133,645,215,447,1136,960,138,1132,1117,1138,1130,1124,1128,1137,1126,1135,1139,1140,
10/21/2021T06:00:1634810406Z,38,393,645,215,1136,447,960,138,1138,1132,1117,1130,1137,1124,1128,1141,1126,1139,1135,1140,
10/21/2021T07:00:1634814006Z,38,393,645,215,1136,447,960,138,1138,1132,1117,1130,1137,1124,1128,1141,1126,1139,1135,1140,
10/21/2021T08:00:1634817605Z,38,393,645,215,1136,960,1138,138,1132,1117,1130,1137,1124,1128,1141,1126,447,1139,1135,1140,
10/21/2021T09:00:1634821205Z,1142,38,393,1133,645,215,1136,960,1138,138,1117,1137,1130,1124,1128,1139,447,1126,1135,1140,
10/21/2021T10:00:1634824805Z,1142,38,393,1133,645,215,1136,960,1138,138,1117,1137,1130,1124,1128,1139,447,1126,1135,1140,
10/21/2021T11:00:1634828405Z,38,393,1133,645,215,1136,960,1138,138,1137,1117,1130,1124,1128,1139,1121,1126,1135,1140,1129,
10/21/2021T12:00:1634832005Z,38,393,1133,645,215,1136,960,1138,1137,138,1117,1130,1124,1139,1128,447,1135,1126,1121,1140,
10/21/2021T13:00:1634835605Z,38,393,1133,645,215,1136,960,1138,1137,138,1117,1130,1124,1139,1128,447,1135,1126,1121,1140,
10/21/2021T14:00:1634839206Z,1143,1144,38,393,1133,645,215,1136,1139,960,447,1137,719,1138,1130,1008,138,1132,1117,1124,
10/21/2021T15:00:1634842805Z,1143,1144,38,393,1133,645,215,1136,1139,960,447,1137,719,1138,1130,1008,138,1132,1117,1124,
10/21/2021T16:00:1634846405Z,1143,1144,1145,1146,38,393,1133,645,215,1147,1138,138,1136,1137,960,447,1130,1132,1117,1124,
10/21/2021T17:00:1634850006Z,1143,1144,1145,1148,38,393,1133,645,215,1147,1138,719,138,1136,1137,960,447,1130,1008,1117,
10/21/2021T18:00:1634853606Z,1148,1143,1145,1144,38,393,1133,645,215,1139,1138,1136,138,1137,960,447,1149,719,1130,1008,
10/21/2021T19:00:1634857206Z,1148,1143,1150,1145,1144,1151,38,393,1133,645,215,1147,719,1138,1136,138,1137,960,447,1149,
10/21/2021T20:00:1634860806Z,1148,446,1150,1143,1151,1145,38,393,1133,645,215,1139,719,1152,1137,1138,1149,960,447,1130,
10/21/2021T21:00:1634864405Z,1148,446,195,1150,1143,1151,1145,1144,38,393,1133,215,1139,645,1138,1137,1152,719,1149,960,
10/21/2021T22:00:1634868005Z,1148,446,195,1150,1151,1143,1153,252,1145,1144,1146,1125,393,1133,645,215,1147,1138,1137,1152,
10/21/2021T23:00:1634871606Z,1148,1150,446,195,1154,1153,1142,1151,1143,1145,1144,1146,38,393,1133,1139,645,215,719,1137,
10/22/2021T00:00:1634875206Z,1148,1150,446,1154,195,1153,1142,1151,1143,1145,1144,1146,38,393,1133,1139,645,215,86,1149,
10/22/2021T01:00:1634878815Z,1148,1154,446,1153,195,1155,1143,1156,1145,1146,38,393,1133,1157,1139,215,645,1149,1137,1138,
10/22/2021T02:00:1634882412Z,1158,1148,1150,1154,446,1153,622,195,1155,1142,1143,1159,1160,1145,1161,1146,38,1157,393,1133,
10/22/2021T03:00:1634886006Z,1158,1148,1150,622,1162,1154,446,1153,1155,195,1163,1142,1160,1161,1143,1164,1159,1145,1144,1165,
10/22/2021T04:00:1634889606Z,1158,1148,1166,622,1150,1162,1154,1161,446,1153,1155,195,1163,1160,1142,1164,1143,1167,1145,1146,
10/22/2021T05:00:1634893207Z,1158,1166,1148,622,1150,1162,1154,1161,1168,1153,1155,1169,1163,1160,195,1164,1142,1167,1170,1171,
10/22/2021T06:00:1634896806Z,1166,1158,1148,622,1161,1150,1162,1154,446,1153,1155,1163,1160,1172,1164,195,1171,1170,1142,1143,
10/22/2021T07:00:1634900405Z,1166,1158,1148,622,1150,1162,1173,1169,1154,446,1153,1155,1163,1160,1171,1172,1161,195,1167,1170,
10/22/2021T08:00:1634904005Z,1174,1166,1158,1148,754,622,1150,1161,1162,446,1153,1155,1163,1160,1172,195,1167,1170,1142,1175,
10/22/2021T09:00:1634907606Z,1174,1166,1158,1148,1161,622,1150,1162,1154,446,1153,1163,1155,1160,195,1167,1170,1142,1143,1145,
10/22/2021T10:00:1634911205Z,1174,1166,1158,1148,622,1150,1173,1162,1154,446,1153,1163,1160,1155,1161,195,1167,1170,1142,1143,
10/22/2021T11:00:1634914806Z,1174,1166,1158,1148,622,1150,1173,1162,1153,446,1164,1163,1155,1161,195,1167,1170,1142,1143,1145,
10/22/2021T12:00:1634918405Z,1174,1166,1158,1148,622,1150,1173,1162,1153,446,1160,1164,1163,1155,1161,195,1167,1170,1142,1143,
10/22/2021T13:00:1634922006Z,1174,1176,1166,1158,1148,622,1150,1162,1173,1153,446,1160,1155,1161,1163,195,1167,1151,1170,1142,
10/22/2021T14:00:1634925606Z,1174,1177,1178,1179,1166,1158,1148,622,1161,1150,1162,1154,1153,446,1160,1155,1163,195,1167,1170,
10/22/2021T15:00:1634929205Z,1174,1180,1177,1179,1166,1158,1148,1172,622,1150,1153,1161,1162,446,1160,1155,1181,1163,195,1167,
10/22/2021T16:00:1634932806Z,1174,1180,1177,1178,1182,1179,1183,1166,1158,754,1148,622,1161,1150,1153,1162,1160,446,1155,1163,
10/22/2021T17:00:1634936406Z,1180,1177,1178,1179,1183,1166,1158,754,1148,622,1161,1150,1153,1162,1160,1155,446,1172,1167,195,
10/22/2021T18:00:1634940006Z,1179,1184,1180,1185,1183,1166,1158,754,1148,622,1161,1186,1150,1153,1162,1155,1160,446,1163,1172,
10/22/2021T19:00:1634943606Z,879,1187,1179,1184,1180,1174,1188,1189,1183,1190,1166,1158,754,1148,622,1161,1153,1150,1162,1155,
10/22/2021T20:00:1634947206Z,1187,879,1184,1180,1179,1177,1174,1183,1190,1166,1158,754,1148,622,1161,1191,1153,1150,1162,1155,
10/22/2021T21:00:1634950807Z,1187,879,1184,1180,1179,1177,1174,1176,321,1183,1192,1193,1166,86,1158,754,1148,622,1161,1194,
10/22/2021T22:00:1634954406Z,1187,879,1195,1180,1184,1179,1174,1196,1176,321,1183,1190,1192,1166,86,1158,754,1148,622,1161,
10/22/2021T23:00:1634958006Z,1187,1182,879,1195,1180,1184,1177,1197,1174,1196,321,1198,1183,1192,1199,1200,1166,1157,1158,754,
10/23/2021T00:00:1634961606Z,1187,1182,1195,879,1180,321,1184,1108,1177,1179,1196,1201,1190,1183,1192,1166,86,1158,754,1148,
10/23/2021T01:00:1634965206Z,1187,1195,879,1180,321,1184,1177,1108,1179,1202,1174,1196,1178,1201,1203,1183,1204,1166,86,1158,
10/23/2021T02:00:1634968806Z,1187,1182,1195,879,321,1184,1177,1108,1179,1202,1196,1176,1201,1203,1205,1204,1183,1199,1166,86,
10/23/2021T03:00:1634972406Z,1187,1195,879,321,1184,1177,1108,1206,1179,1202,1196,1176,1205,1201,1203,1204,1207,1183,1166,86,
10/23/2021T04:00:1634976005Z,1187,1208,1195,879,321,1184,1206,1177,1202,1196,1178,1201,1204,1203,1207,1209,1210,1179,1183,1211,
10/23/2021T05:00:1634979606Z,1187,553,1195,879,321,1206,1184,1177,1196,1179,1202,1176,1204,1203,1201,1212,1210,1211,1213,1183,
10/23/2021T06:00:1634983206Z,1187,553,1195,879,1203,321,1206,1184,1177,1196,1179,1202,1174,1204,1176,1201,1207,1211,1212,1210,
10/23/2021T07:00:1634986805Z,1187,553,1195,1203,879,321,1206,1184,1177,1196,1179,1202,1174,1204,1185,1214,1211,1201,1212,1210,
10/23/2021T08:00:1634990405Z,1215,1216,553,1187,1195,879,321,1206,1184,1177,1196,1179,1202,1174,1204,1211,1203,1185,1214,1201,
10/23/2021T09:00:1634994005Z,1215,1216,1187,553,1195,1203,879,321,1206,1184,1177,1108,1196,1179,1202,1174,1204,1211,1185,1214,
10/23/2021T10:00:1634997606Z,1215,553,1187,1205,1195,1196,879,321,1206,1184,1177,1108,1179,1202,1211,1174,1204,1185,1214,1217,
10/23/2021T11:00:1635001205Z,1215,553,1187,1196,1195,879,321,1206,1184,1177,1108,1213,1179,1202,1211,1204,1174,1203,1185,1214,
10/23/2021T12:00:1635004806Z,1215,553,1187,1196,1182,1195,879,321,1206,1184,1177,1108,1213,1179,1211,1202,1204,1174,1203,1214,
10/23/2021T13:00:1635008406Z,1008,1215,1187,553,1196,1206,1205,1195,1203,879,321,1184,1177,1108,1211,1179,1202,1204,1174,1214,
10/23/2021T14:00:1635012005Z,1008,1215,1218,553,1187,1196,1206,1195,1211,321,879,1184,1177,1213,1108,1179,1202,1204,1174,1203,
10/31/2021T18:00:1635717614Z,1219,1220,321,710,1221,1214,180,807,1222,100,1223,1224,94,1225,773,26,1226,764,1133,1227,
10/31/2021T19:00:1635721205Z,1157,1219,1220,1228,321,710,1229,1214,180,807,1222,100,1223,1224,94,1225,773,26,1226,1133,
10/31/2021T20:00:1635724805Z,1157,1230,1081,1219,1231,1228,1220,1229,710,321,1232,1221,1214,180,807,1233,1222,1223,1224,94,
10/31/2021T21:00:1635728406Z,1157,1081,1234,1229,710,1219,1235,1228,1231,1236,1220,1232,321,1237,1221,1214,1238,180,807,100,
10/31/2021T22:00:1635732005Z,1060,1081,1239,853,1230,1234,710,1229,1240,1219,1228,1235,1231,1232,1241,1220,321,1242,1243,1237,
10/31/2021T23:00:1635735607Z,1060,1081,853,1234,1244,1239,1240,710,1228,1229,1219,1245,1241,1232,1231,1243,321,1246,1237,1247,
11/01/2021T00:00:1635739209Z,1060,1244,550,1234,1081,853,1240,710,1229,1228,1219,1248,1241,1232,1231,321,1237,1221,1249,1250,
11/01/2021T01:00:1635742808Z,1060,78,550,1234,140,853,1081,1251,710,1228,1229,1240,1219,1243,1235,1241,1232,1231,321,1237,
11/01/2021T02:00:1635746408Z,1060,78,1234,550,140,1240,853,1081,1251,1228,710,1235,1229,1219,1241,1232,1231,321,992,1237,
11/01/2021T03:00:1635750008Z,1234,78,1060,1239,1252,1081,140,1240,853,1251,1228,710,1229,1219,1243,1235,1241,1253,1232,1231,
11/01/2021T04:00:1635753618Z,72,1060,1244,1239,1081,140,1240,853,1251,1228,710,1229,1219,1235,1241,1253,1232,1231,1220,992,
11/01/2021T05:00:1635757212Z,72,78,1060,1239,1240,1081,140,1228,853,1251,710,1229,1219,1243,1241,1235,1253,1232,1254,1231,
11/01/2021T06:00:1635760811Z,72,78,1060,1239,1240,140,1228,853,1251,1081,710,1229,1219,1243,1241,1235,1253,1232,1254,1231,
11/01/2021T07:00:1635764411Z,72,78,1060,1239,1240,140,1228,853,1081,1251,710,1229,1219,1243,1241,1235,1253,1090,1232,1254,
11/01/2021T08:00:1635768006Z,72,78,1060,1239,1240,1228,140,853,1081,1251,710,1229,1219,1243,1241,1235,1253,1090,1232,1254,
11/01/2021T09:00:1635771606Z,72,78,1060,1239,1240,1228,140,853,1081,1251,710,1229,1219,1243,1235,1253,1090,1232,992,1231,
11/01/2021T10:00:1635775205Z,72,78,1060,1239,1228,1240,140,853,1081,1251,710,1229,1219,1243,1241,1235,1253,516,1090,1232,
11/01/2021T11:00:1635778807Z,72,78,1060,1239,1228,1240,140,853,1081,1251,710,1229,1219,1241,1235,1253,1090,1232,1254,992,
11/01/2021T12:00:1635782406Z,72,78,1060,1239,1228,1240,140,853,1081,1251,710,1229,1219,1241,1235,1253,1255,1090,1232,1254,
11/01/2021T13:00:1635786006Z,1256,72,78,1060,1239,1228,1240,140,853,1081,1251,710,1229,1219,1235,1253,1255,505,1090,1232,
11/01/2021T14:00:1635789606Z,1257,1256,1258,72,78,1060,1239,1228,1240,140,853,1081,1251,710,1259,1229,1219,1241,1235,1253,
11/01/2021T15:00:1635793206Z,1256,1260,1258,1261,72,78,1060,1239,1240,140,853,1081,1251,710,1259,1229,1235,1219,1241,1253,
11/01/2021T16:00:1635796805Z,1256,1260,1258,72,1244,1060,1239,1252,1262,1228,1240,140,1081,1251,710,1259,1229,1219,1241,1235,
11/01/2021T17:00:1635800408Z,1263,1260,1256,72,1244,1239,1262,1252,1157,1228,1240,140,1081,1251,710,1259,1229,1219,1241,1235,
11/01/2021T18:00:1635804006Z,1264,1263,1260,1256,1265,1261,72,1244,1060,1239,1262,1266,1228,1240,140,1081,1251,1267,1229,1243,
11/01/2021T19:00:1635807606Z,1264,1263,1268,1260,1265,1256,1269,1261,1270,1271,1272,72,1244,1060,1239,1262,1252,1228,1240,140,
11/01/2021T20:00:1635811206Z,1264,1263,1265,1260,1256,1269,1270,1271,1272,1273,1274,72,1244,1060,1262,1239,1228,1240,140,1259,
11/01/2021T21:00:1635814806Z,1264,1259,1265,1263,1260,1269,1256,1274,1273,1271,1272,1275,72,1244,1060,1262,1239,1266,1228,1240,
11/01/2021T22:00:1635818406Z,1264,1265,1263,1260,1269,1256,1270,1274,1273,1271,1272,1275,72,1244,1060,1262,1239,1252,1228,1240,
11/01/2021T23:00:1635822007Z,1265,1263,1260,1269,1256,1270,1261,1274,1273,447,1272,1271,72,1244,1060,1262,1239,1264,1228,1259,
11/02/2021T00:00:1635825605Z,1265,1263,1260,1269,1270,1256,1261,1276,1277,1274,447,1273,1275,1272,1278,72,1244,1060,1262,1239,
11/02/2021T01:00:1635829205Z,1265,1263,1260,1269,1270,1279,1256,1277,1261,447,1274,1273,1278,1275,1272,1280,1271,72,1244,1060,
11/02/2021T02:00:1635832805Z,1264,1265,1280,1263,1260,1269,1270,1279,1277,1256,1261,447,1274,1273,1278,1272,1271,1281,1282,72,
11/02/2021T03:00:1635836435Z,332,1264,1265,1263,1281,1283,1260,1269,1270,1277,1279,1256,447,1261,1274,1278,1273,1275,1272,1284,
11/02/2021T04:00:1635840005Z,332,1264,1265,1263,1281,1283,1260,1285,1270,1269,1277,1279,1256,447,1278,1274,1273,1286,1284,1287,
11/02/2021T05:01:1635843669Z,332,1264,1265,1285,1263,1283,1288,1260,1270,1289,1269,582,1277,447,1279,1256,1278,1274,1261,1273,
11/02/2021T06:00:1635847205Z,332,1264,1265,1285,1263,1281,1260,1270,1269,1277,1290,447,1279,1256,1278,1291,1274,1276,1286,1273,
11/02/2021T07:00:1635850805Z,332,1264,1265,1285,1263,1281,1260,1288,1270,1269,1277,1290,447,1278,1279,1256,1274,1276,1284,1292,
11/02/2021T08:00:1635854405Z,332,1264,1265,1285,1263,1281,1270,1260,1269,1277,447,1278,1279,1291,1256,1274,1276,1286,1284,1273,
11/02/2021T09:00:1635858005Z,332,1264,1265,1285,1263,1281,1283,1260,1270,1269,1277,1290,447,1278,1279,1256,1274,1286,1284,1273,
11/02/2021T10:00:1635861605Z,332,1264,1265,1285,1263,1281,1260,1270,1269,1277,1290,447,1278,1291,1279,1256,1274,1286,1284,1273,
11/02/2021T11:00:1635865208Z,393,332,1264,1265,1285,1263,1281,1260,1283,1288,1270,1269,1277,1290,447,1278,1291,1279,1256,1274,
11/02/2021T12:00:1635868805Z,1293,393,332,1264,1265,1263,1281,1260,1288,1276,1285,1270,1269,1277,1290,447,1278,1291,1274,1279,
11/02/2021T13:00:1635872406Z,1293,393,332,1264,1265,1285,1288,1263,1281,1260,1270,1269,1290,1277,447,1278,1291,1274,1279,1256,
11/02/2021T14:00:1635876006Z,393,1294,1295,1296,332,1288,1265,1263,1281,1260,1270,1269,1290,1277,447,1278,1291,1274,1279,1256,
11/02/2021T15:00:1635879606Z,393,1297,1294,1295,1296,1298,332,1264,1288,1265,1263,1270,1281,1260,1269,1290,447,1277,1278,1274,
11/02/2021T16:00:1635883206Z,393,1293,1297,1296,1299,1298,332,1264,1285,1265,1270,1288,1263,1281,1260,447,1290,1269,1274,1277,
11/02/2021T17:00:1635886808Z,393,1293,1297,1300,1294,1301,1295,1298,332,1264,1288,1265,1263,1281,1270,1260,447,1290,1269,1274,
11/02/2021T18:00:1635890406Z,393,1302,1296,1294,1295,1298,405,332,1264,1288,1265,1263,1270,1281,1260,447,1290,1274,1269,1303,
11/02/2021T19:00:1635894006Z,1304,393,1293,1296,1294,1302,1295,405,643,332,1264,1288,1265,1270,1260,1263,1285,1281,447,1290,
11/02/2021T20:00:1635897605Z,1304,393,1293,1296,1302,1294,1305,1295,405,643,1298,1306,21,332,1264,1288,1265,1285,1270,1263,
11/02/2021T21:00:1635901205Z,1304,393,1293,1302,1296,1301,1306,1305,1294,405,1295,643,138,1307,1308,1309,21,332,1285,1264,
11/02/2021T22:00:1635904806Z,1304,393,1293,1294,1302,1296,1301,1305,643,138,1306,1310,1307,1309,21,1311,332,1288,1264,1312,
11/02/2021T23:00:1635908407Z,1304,393,1313,1293,1296,1301,405,1305,138,643,1294,1295,1306,1314,1309,1307,1311,21,332,1288,
11/03/2021T00:00:1635912006Z,1304,393,1313,1315,1293,1294,1296,405,1301,1305,1316,138,643,1317,1310,1314,1306,1309,1307,1311,
11/03/2021T01:00:1635915607Z,1304,393,1313,1318,1319,1293,1320,1321,1296,1306,1301,1316,1305,1309,138,643,1314,1310,1311,1307,
11/03/2021T02:00:1635919206Z,1304,393,1313,1320,1293,1322,1306,1301,1316,1305,1323,138,643,1310,1314,1294,1311,1324,1307,1308,
11/03/2021T03:00:1635922806Z,1325,1304,393,1313,1317,1297,1326,1327,1320,1293,405,1306,1301,1316,1305,138,643,1310,1314,1294,
11/03/2021T04:00:1635926406Z,1304,393,1326,1320,1302,1328,1329,405,1306,1293,1301,1316,1305,622,138,643,1314,1310,1330,1294,
11/03/2021T05:00:1635930012Z,1254,1304,393,1331,1321,1297,1320,1332,138,1302,1328,1333,1306,405,1293,1301,1334,1305,622,643,
11/03/2021T06:00:1635933606Z,1254,1304,393,1331,1326,1297,1335,1329,1320,1328,1302,1333,1306,1293,1301,1334,1305,1316,622,643,
11/03/2021T07:00:1635937205Z,1254,1304,393,1331,1336,1313,1326,1320,1333,138,1328,1306,405,1293,1294,1301,1337,1334,1330,1305,
11/03/2021T08:00:1635940806Z,1254,1304,1338,393,1331,1326,1320,138,1328,1302,1333,1306,405,1337,1293,1301,1330,1334,1305,622,
11/03/2021T09:00:1635944406Z,1254,1304,1317,393,1331,1313,1326,1335,1297,1320,1328,138,1333,1337,405,1293,1301,1294,1330,1334,
11/03/2021T10:00:1635948006Z,1339,1340,1254,1304,1317,393,1331,1313,1326,1335,1320,1328,138,1333,405,1306,1337,1301,1330,1294,
11/03/2021T11:00:1635951608Z,1340,1339,1254,1304,1317,393,1331,1326,1338,1320,1328,138,1333,1302,1337,1306,405,1330,1293,1301,
11/03/2021T12:00:1635955205Z,1340,1339,1341,1342,1254,1304,1317,393,1331,1313,1326,1312,1338,1297,1320,1328,1333,1337,1306,1330,
11/03/2021T13:00:1635958805Z,1342,1341,1254,1304,1343,393,1331,1326,1338,1344,1320,1297,1328,1345,1333,1302,1337,622,1306,1330,
11/03/2021T14:00:1635962406Z,1346,1347,1342,1341,1254,1304,1348,393,1326,1338,1312,1344,1320,1297,1328,1345,1333,1302,1337,622,
11/03/2021T15:00:1635966006Z,1349,1346,1342,1341,1254,1304,1329,1331,393,1338,1326,1313,1312,1344,1328,1297,1333,1337,622,1350,
11/03/2021T16:00:1635969605Z,350,1346,1347,1351,1352,1342,1353,1341,1354,1254,1355,1304,1331,393,1326,1338,1313,1344,1320,1328,
11/03/2021T17:00:1635973207Z,350,1351,1352,1342,1354,1353,1341,1254,1304,1329,1331,393,1338,1326,1320,1328,1297,1333,1337,1302,
11/03/2021T18:00:1635976806Z,1347,1351,1354,1356,1342,1352,1254,1304,1329,1331,1338,393,1326,1313,350,1328,1297,1337,1333,1350,
11/03/2021T19:00:1635980406Z,1347,1357,1351,1354,1356,1342,1352,1353,1358,1254,1304,1331,393,1338,1359,1329,1326,350,1313,1328,
11/03/2021T20:00:1635984006Z,1347,1351,1357,1354,1342,1352,1353,1187,1254,1321,1304,1331,1338,350,1326,1359,1313,393,1328,94,
11/03/2021T21:00:1635987606Z,1351,1347,1357,1354,1356,1360,1342,1352,1358,1353,1187,1361,1254,1304,1321,1331,393,350,810,1326,
